6809
2
3
5251
5
6
5075
8
9
8660
11
12
8932
14
15
6274
17
18
7546
20
21
5880
23
24
7925
26
27
7711
29
30
9442
32
33
8167
35
36
9494
38
39
8044
41
42
7989
44
45
7505
47
48
7329
50
51
6731
53
54
8842
56
57
7614
59
60
9305
62
63
8171
65
66
28
68
69
7159
71
72
9562
74
75
5935
77
78
8101
80
81
5280
83
84
6818
86
87
5337
89
90
9099
92
93
7828
95
96
8514
98
99
9269
101
102
8812
104
105
7635
107
108
5981
110
111
9151
113
114
6581
116
117
8823
119
120
6969
122
123
5674
125
126
6395
128
129
9338
131
132
5487
134
135
6747
137
138
5230
140
141
9093
143
144
5196
146
147
6359
149
150
5003
152
153
6155
155
156
6710
158
159
7946
161
162
5670
164
165
6492
167
168
8126
170
171
7198
173
174
9532
176
177
5905
179
180
7724
182
183
9668
185
186
8551
188
189
8026
191
192
7803
194
195
6855
197
198
5979
200
201
7410
203
204
8230
206
207
9935
209
210
5300
212
213
8983
215
216
8637
218
219
8015
221
222
8867
224
225
9816
227
228
9065
230
231
9538
233
234
9427
236
237
6671
239
240
9117
242
243
5096
245
246
5631
248
249
6503
251
252
6519
254
255
9197
257
258
5107
260
261
5406
263
264
9453
266
267
9300
269
270
7190
272
273
6125
275
276
9507
278
279
6884
281
282
6754
284
285
6568
287
288
6718
290
291
5339
293
294
9440
296
297
8146
299
300
250
302
303
9899
305
306
8873
308
309
5830
311
312
6139
314
315
9360
317
318
8179
320
321
7399
323
324
7296
326
327
7906
329
330
6611
332
333
6233
335
336
9747
338
339
9177
341
342
217
344
345
6300
347
348
8144
350
351
5401
353
354
7970
356
357
5414
359
360
5262
362
363
8559
365
366
6596
368
369
8010
371
372
6397
374
375
5970
377
378
9115
380
381
175
383
384
6008
386
387
5964
389
390
7944
392
393
5367
395
396
7084
398
399
9854
401
402
5769
404
405
118
407
408
5697
410
411
9714
413
414
8673
416
417
9903
419
420
8592
422
423
9833
425
426
9740
428
429
8059
431
432
6618
434
435
9792
437
438
5642
440
441
5681
443
444
7337
446
447
7008
449
450
7974
452
453
6100
455
456
9097
458
459
5321
461
462
8456
464
465
5225
467
468
7291
470
471
6762
473
474
8907
476
477
6128
479
480
274
482
483
9508
485
486
5815
488
489
6772
491
492
5240
494
495
9096
497
498
6222
500
501
7846
503
504
7368
506
507
5536
509
510
5228
512
513
5396
515
516
6365
518
519
8740
521
522
502
524
525
9592
527
528
6552
530
531
5161
533
534
8625
536
537
9949
539
540
7387
542
543
7219
545
546
5274
548
549
5541
551
552
9249
554
555
541
557
558
8498
560
561
9887
563
564
5625
566
567
7422
569
570
298
572
573
6970
575
576
5737
578
579
9917
581
582
6627
584
585
8536
587
588
6044
590
591
6013
593
594
9681
596
597
9154
599
600
5246
602
603
7297
605
606
8820
608
609
5398
611
612
7694
614
615
6817
617
618
7993
620
621
5035
623
624
7671
626
627
9399
629
630
9555
632
633
5549
635
636
5827
638
639
6212
641
642
9664
644
645
5213
647
648
8810
650
651
8379
653
654
7763
656
657
5627
659
660
445
662
663
6870
665
666
7997
668
669
7778
671
672
7769
674
675
7441
677
678
9876
680
681
9333
683
684
5558
686
687
6303
689
690
8874
692
693
5562
695
696
244
698
699
8986
701
702
8757
704
705
9791
707
708
6409
710
711
8017
713
714
5195
716
717
7771
719
720
5682
722
723
8457
725
726
6857
728
729
7508
731
732
5965
734
735
8504
737
738
6678
740
741
8110
743
744
8251
746
747
7333
749
750
523
752
753
7640
755
756
5810
758
759
9999
761
762
8653
764
765
9851
767
768
5205
770
771
5733
773
774
6533
776
777
8016
779
780
5421
782
783
6777
785
786
7011
788
789
5182
791
792
7931
794
795
466
797
798
9056
800
801
8262
803
804
6739
806
807
6547
809
810
7319
812
813
7527
815
816
9202
818
819
9258
821
822
6566
824
825
5599
827
828
6650
830
831
7706
833
834
5552
836
837
5152
839
840
6978
842
843
6414
845
846
8556
848
849
7799
851
852
7506
854
855
8383
857
858
9750
860
861
7067
863
864
9380
866
867
7701
869
870
8211
872
873
5131
875
876
8555
878
879
5485
881
882
5449
884
885
9609
887
888
5775
890
891
5324
893
894
9307
896
897
5178
899
900
5055
902
903
7226
905
906
9632
908
909
5368
911
912
5402
914
915
5446
917
918
5372
920
921
5287
923
924
8018
926
927
8900
929
930
8157
932
933
6135
935
936
5559
938
939
6578
941
942
8180
944
945
8268
947
948
7359
950
951
6713
953
954
7880
956
957
5616
959
960
9821
962
963
5739
965
966
8135
968
969
5593
971
972
8722
974
975
8764
977
978
6635
980
981
6199
983
984
6033
986
987
8590
989
990
5591
992
993
9875
995
996
8879
998
999
7306
1001
1002
316
1004
1005
6202
1007
1008
7256
1010
1011
8962
1013
1014
580
1016
1017
8949
1019
1020
5482
1022
1023
7732
1025
1026
9957
1028
1029
9548
1031
1032
7109
1034
1035
6240
1037
1038
5002
1040
1041
9928
1043
1044
5037
1046
1047
9859
1049
1050
6115
1052
1053
5116
1055
1056
9595
1058
1059
6362
1061
1062
8356
1064
1065
8420
1067
1068
5359
1070
1071
7587
1073
1074
8731
1076
1077
6017
1079
1080
6565
1082
1083
6104
1085
1086
5919
1088
1089
6645
1091
1092
9421
1094
1095
7969
1097
1098
7749
1100
1101
5271
1103
1104
5397
1106
1107
8305
1109
1110
9475
1112
1113
9105
1115
1116
6750
1118
1119
9387
1121
1122
5660
1124
1125
8461
1127
1128
5408
1130
1131
13
1133
1134
9826
1136
1137
5134
1139
1140
5975
1142
1143
9605
1145
1146
6899
1148
1149
7922
1151
1152
8952
1154
1155
5233
1157
1158
8482
1160
1161
769
1163
1164
8902
1166
1167
9522
1169
1170
7535
1172
1173
6260
1175
1176
7005
1178
1179
8678
1181
1182
5952
1184
1185
8936
1187
1188
8782
1190
1191
9881
1193
1194
6834
1196
1197
7576
1199
1200
187
1202
1203
9544
1205
1206
6251
1208
1209
7773
1211
1212
6312
1214
1215
5881
1217
1218
5985
1220
1221
9972
1223
1224
7042
1226
1227
7725
1229
1230
8652
1232
1233
7973
1235
1236
8231
1238
1239
5320
1241
1242
7748
1244
1245
5301
1247
1248
7232
1250
1251
5623
1253
1254
5778
1256
1257
5126
1259
1260
8246
1262
1263
6960
1265
1266
7698
1268
1269
6773
1271
1272
9066
1274
1275
6562
1277
1278
6600
1280
1281
8753
1283
1284
9942
1286
1287
9505
1289
1290
9553
1292
1293
193
1295
1296
7207
1298
1299
5082
1301
1302
5420
1304
1305
9276
1307
1308
9651
1310
1311
5415
1313
1314
8322
1316
1317
9027
1319
1320
7014
1322
1323
6785
1325
1326
9790
1328
1329
9119
1331
1332
9010
1334
1335
529
1337
1338
5326
1340
1341
256
1343
1344
6259
1346
1347
9513
1349
1350
5692
1352
1353
8668
1355
1356
7412
1358
1359
5595
1361
1362
5555
1364
1365
9567
1367
1368
5962
1370
1371
8744
1373
1374
6405
1376
1377
9354
1379
1380
7309
1382
1383
6143
1385
1386
9912
1388
1389
8202
1391
1392
7801
1394
1395
8129
1397
1398
5173
1400
1401
7789
1403
1404
9416
1406
1407
583
1409
1410
6643
1412
1413
9519
1415
1416
5350
1418
1419
6844
1421
1422
9317
1424
1425
5976
1427
1428
6447
1430
1431
6375
1433
1434
7222
1436
1437
9913
1439
1440
9241
1442
1443
5056
1445
1446
6307
1448
1449
6931
1451
1452
7255
1454
1455
9191
1457
1458
5168
1460
1461
9358
1463
1464
9306
1466
1467
9862
1469
1470
5900
1472
1473
5594
1475
1476
6722
1478
1479
6118
1481
1482
6582
1484
1485
8869
1487
1488
1378
1490
1491
6941
1493
1494
8700
1496
1497
418
1499
1500
5813
1502
1503
433
1505
1506
6893
1508
1509
415
1511
1512
6730
1514
1515
6673
1517
1518
6663
1520
1521
7047
1523
1524
8122
1526
1527
5242
1529
1530
7160
1532
1533
9455
1535
1536
9629
1538
1539
5352
1541
1542
8713
1544
1545
5565
1547
1548
9596
1550
1551
1171
1553
1554
6729
1556
1557
7829
1559
1560
8797
1562
1563
9533
1565
1566
7444
1568
1569
6518
1571
1572
5008
1574
1575
8517
1577
1578
6926
1580
1581
7603
1583
1584
7099
1586
1587
8663
1589
1590
7105
1592
1593
9326
1595
1596
5110
1598
1599
9938
1601
1602
7283
1604
1605
7017
1607
1608
8712
1610
1611
8218
1613
1614
6907
1616
1617
1141
1619
1620
7783
1622
1623
7722
1625
1626
5793
1628
1629
6171
1631
1632
7867
1634
1635
5829
1637
1638
232
1640
1641
1513
1643
1644
7127
1646
1647
5386
1649
1650
5169
1652
1653
9951
1655
1656
5478
1658
1659
6048
1661
1662
940
1664
1665
1354
1667
1668
7469
1670
1671
5522
1673
1674
7386
1676
1677
6993
1679
1680
5212
1682
1683
8260
1685
1686
8213
1688
1689
8746
1691
1692
9520
1694
1695
5720
1697
1698
6936
1700
1701
6827
1703
1704
403
1706
1707
8691
1709
1710
9820
1712
1713
778
1715
1716
1702
1718
1719
7920
1721
1722
8030
1724
1725
8031
1727
1728
8036
1730
1731
1555
1733
1734
6242
1736
1737
8756
1739
1740
6542
1742
1743
8398
1745
1746
5937
1748
1749
8085
1751
1752
8050
1754
1755
6867
1757
1758
7013
1760
1761
5254
1763
1764
8066
1766
1767
7878
1769
1770
7239
1772
1773
7677
1775
1776
5247
1778
1779
7712
1781
1782
5417
1784
1785
8194
1787
1788
9712
1790
1791
9749
1793
1794
8039
1796
1797
6301
1799
1800
8449
1802
1803
9717
1805
1806
6695
1808
1809
9581
1811
1812
7131
1814
1815
5166
1817
1818
8981
1820
1821
8503
1823
1824
5527
1826
1827
5291
1829
1830
9960
1832
1833
9035
1835
1836
6802
1838
1839
5091
1841
1842
7672
1844
1845
5219
1847
1848
5848
1850
1851
6040
1853
1854
9545
1856
1857
5340
1859
1860
5938
1862
1863
8323
1865
1866
7721
1868
1869
6498
1871
1872
6249
1874
1875
8790
1877
1878
8361
1880
1881
5989
1883
1884
1045
1886
1887
5237
1889
1890
8914
1892
1893
5686
1895
1896
5991
1898
1899
8786
1901
1902
8736
1904
1905
7669
1907
1908
5521
1910
1911
7617
1913
1914
1522
1916
1917
5978
1919
1920
1519
1922
1923
637
1925
1926
7821
1928
1929
6633
1931
1932
7905
1934
1935
7700
1937
1938
6800
1940
1941
7641
1943
1944
9006
1946
1947
1288
1949
1950
442
1952
1953
8767
1955
1956
7393
1958
1959
9109
1961
1962
9926
1964
1965
9367
1967
1968
7123
1970
1971
9456
1973
1974
7108
1976
1977
7452
1979
1980
6705
1982
1983
5834
1985
1986
6034
1988
1989
7143
1991
1992
6656
1994
1995
6979
1997
1998
544
2000
2001
1165
2003
2004
469
2006
2007
8467
2009
2010
1792
2012
2013
8624
2015
2016
1192
2018
2019
9319
2021
2022
1570
2024
2025
9050
2027
2028
7764
2030
2031
6031
2033
2034
9041
2036
2037
7710
2039
2040
178
2042
2043
7659
2045
2046
5763
2048
2049
5754
2051
2052
6468
2054
2055
8623
2057
2058
9559
2060
2061
6998
2063
2064
6957
2066
2067
6932
2069
2070
6496
2072
2073
5557
2075
2076
7223
2078
2079
9314
2081
2082
7295
2084
2085
6429
2087
2088
7234
2090
2091
7446
2093
2094
9793
2096
2097
7200
2099
2100
598
2102
2103
9858
2105
2106
8572
2108
2109
61
2111
2112
676
2114
2115
7916
2117
2118
5801
2120
2121
6768
2123
2124
6837
2126
2127
6923
2129
2130
6045
2132
2133
7754
2135
2136
9088
2138
2139
9721
2141
2142
9152
2144
2145
8412
2147
2148
535
2150
2151
9671
2153
2154
9607
2156
2157
9945
2159
2160
7313
2162
2163
7433
2165
2166
7994
2168
2169
9818
2171
2172
8701
2174
2175
6973
2177
2178
5641
2180
2181
6372
2183
2184
5838
2186
2187
9893
2189
2190
7859
2192
2193
9835
2195
2196
8330
2198
2199
319
2201
2202
9412
2204
2205
7685
2207
2208
898
2210
2211
8491
2213
2214
7093
2216
2217
5436
2219
2220
9713
2222
2223
6906
2225
2226
6028
2228
2229
2188
2231
2232
5792
2234
2235
5524
2237
2238
9366
2240
2241
6892
2243
2244
9886
2246
2247
6815
2249
2250
6443
2252
2253
7129
2255
2256
6181
2258
2259
5786
2261
2262
9539
2264
2265
9872
2267
2268
7563
2270
2271
7583
2273
2274
9167
2276
2277
5804
2279
2280
7734
2282
2283
7334
2285
2286
7856
2288
2289
9761
2291
2292
9849
2294
2295
7379
2297
2298
5464
2300
2301
9012
2303
2304
8821
2306
2307
8152
2309
2310
652
2312
2313
5943
2315
2316
8838
2318
2319
1477
2321
2322
7301
2324
2325
6114
2327
2328
2290
2330
2331
9958
2333
2334
9392
2336
2337
6154
2339
2340
5050
2342
2343
5016
2345
2346
9046
2348
2349
9920
2351
2352
838
2354
2355
5103
2357
2358
6297
2360
2361
9823
2363
2364
772
2366
2367
9503
2369
2370
8247
2372
2373
9963
2375
2376
6059
2378
2379
8512
2381
2382
8930
2384
2385
5807
2387
2388
7175
2390
2391
7139
2393
2394
2152
2396
2397
9098
2399
2400
1948
2402
2403
7423
2405
2406
8677
2408
2409
8520
2411
2412
9302
2414
2415
6491
2417
2418
5264
2420
2421
7056
2423
2424
8265
2426
2427
8645
2429
2430
9891
2432
2433
5252
2435
2436
6737
2438
2439
9417
2441
2442
6366
2444
2445
7496
2447
2448
733
2450
2451
7760
2453
2454
5654
2456
2457
5094
2459
2460
7318
2462
2463
6716
2465
2466
6422
2468
2469
8062
2471
2472
1978
2474
2475
8370
2477
2478
8743
2480
2481
6849
2483
2484
9198
2486
2487
9789
2489
2490
7503
2492
2493
8236
2495
2496
8130
2498
2499
5573
2501
2502
7450
2504
2505
7877
2507
2508
1453
2510
2511
6873
2513
2514
9331
2516
2517
2083
2519
2520
8721
2522
2523
8473
2525
2526
8822
2528
2529
5766
2531
2532
6081
2534
2535
7632
2537
2538
2203
2540
2541
8082
2543
2544
1051
2546
2547
8344
2549
2550
8140
2552
2553
8384
2555
2556
6046
2558
2559
8830
2561
2562
8395
2564
2565
8577
2567
2568
5982
2570
2571
9002
2573
2574
5598
2576
2577
5949
2579
2580
7372
2582
2583
6089
2585
2586
6545
2588
2589
7735
2591
2592
7854
2594
2595
5263
2597
2598
6826
2600
2601
9402
2603
2604
7382
2606
2607
5780
2609
2610
6859
2612
2613
8425
2615
2616
9500
2618
2619
7016
2621
2622
7847
2624
2625
6664
2627
2628
8511
2630
2631
6612
2633
2634
6851
2636
2637
9220
2639
2640
9292
2642
2643
5057
2645
2646
5745
2648
2649
8557
2651
2652
6387
2654
2655
6536
2657
2658
6277
2660
2661
7323
2663
2664
6153
2666
2667
6228
2669
2670
5253
2672
2673
9461
2675
2676
7785
2678
2679
2464
2681
2682
6439
2684
2685
7881
2687
2688
1936
2690
2691
9102
2693
2694
8139
2696
2697
9287
2699
2700
22
2702
2703
8286
2705
2706
5344
2708
2709
1015
2711
2712
1369
2714
2715
8069
2717
2718
5142
2720
2721
5709
2723
2724
8568
2726
2727
5730
2729
2730
5564
2732
2733
517
2735
2736
6971
2738
2739
7892
2741
2742
7625
2744
2745
7280
2747
2748
7315
2750
2751
2047
2753
2754
7012
2756
2757
9842
2759
2760
6980
2762
2763
6002
2765
2766
7396
2768
2769
9509
2771
2772
7658
2774
2775
6553
2777
2778
6788
2780
2781
8433
2783
2784
9546
2786
2787
5741
2789
2790
8778
2792
2793
7586
2795
2796
9254
2798
2799
9110
2801
2802
5516
2804
2805
6456
2807
2808
5021
2810
2811
1723
2813
2814
1516
2816
2817
2581
2819
2820
6665
2822
2823
7949
2825
2826
9026
2828
2829
1855
2831
2832
6856
2834
2835
6010
2837
2838
9983
2840
2841
5554
2843
2844
6290
2846
2847
8165
2849
2850
1879
2852
2853
6021
2855
2856
5381
2858
2859
5358
2861
2862
9463
2864
2865
8489
2867
2868
8355
2870
2871
8901
2873
2874
5790
2876
2877
9246
2879
2880
9882
2882
2883
7468
2885
2886
8285
2888
2889
5276
2891
2892
5238
2894
2895
8911
2897
2898
8569
2900
2901
6836
2903
2904
7941
2906
2907
9686
2909
2910
9653
2912
2913
9551
2915
2916
9268
2918
2919
1669
2921
2922
5112
2924
2925
9591
2927
2928
6329
2930
2931
7775
2933
2934
5583
2936
2937
9297
2939
2940
7938
2942
2943
7876
2945
2946
5437
2948
2949
8233
2951
2952
6974
2954
2955
2812
2957
2958
9800
2960
2961
9072
2963
2964
9589
2966
2967
6299
2969
2970
9091
2972
2973
7648
2975
2976
9092
2978
2979
8113
2981
2982
6614
2984
2985
7465
2987
2988
7114
2990
2991
8783
2993
2994
6953
2996
2997
9232
2999
3000
1864
3002
3003
8215
3005
3006
5130
3008
3009
6952
3011
3012
8602
3014
3015
8961
3017
3018
9756
3020
3021
9994
3023
3024
145
3026
3027
8332
3029
3030
8634
3032
3033
8561
3035
3036
8779
3038
3039
7781
3041
3042
3031
3044
3045
8274
3047
3048
6385
3050
3051
9083
3053
3054
7155
3056
3057
7624
3059
3060
8523
3062
3063
7958
3065
3066
1711
3068
3069
970
3071
3072
6902
3074
3075
5198
3077
3078
9122
3080
3081
832
3083
3084
8601
3086
3087
1813
3089
3090
7146
3092
3093
340
3095
3096
5872
3098
3099
8418
3101
3102
9601
3104
3105
7082
3107
3108
9620
3110
3111
9290
3113
3114
9454
3116
3117
2497
3119
3120
7802
3122
3123
7664
3125
3126
2758
3128
3129
112
3131
3132
2653
3134
3135
6585
3137
3138
9517
3140
3141
5661
3143
3144
9880
3146
3147
5961
3149
3150
8563
3152
3153
2554
3155
3156
1753
3158
3159
799
3161
3162
31
3164
3165
6383
3167
3168
8772
3170
3171
7030
3173
3174
2671
3176
3177
19
3179
3180
5871
3182
3183
7597
3185
3186
7471
3188
3189
1780
3191
3192
8174
3194
3195
5925
3197
3198
1645
3200
3201
6221
3203
3204
8852
3206
3207
6433
3209
3210
6245
3212
3213
7848
3215
3216
3181
3218
3219
6672
3221
3222
6396
3224
3225
9612
3227
3228
6394
3230
3231
6066
3233
3234
9526
3236
3237
9363
3239
3240
9521
3242
3243
8622
3245
3246
6564
3248
3249
1921
3251
3252
8727
3254
3255
9436
3257
3258
5951
3260
3261
7092
3263
3264
7324
3266
3267
6262
3269
3270
5095
3272
3273
9930
3275
3276
5124
3278
3279
3166
3281
3282
6368
3284
3285
6470
3287
3288
6025
3290
3291
181
3293
3294
6641
3296
3297
8519
3299
3300
8795
3302
3303
2239
3305
3306
9180
3308
3309
6958
3311
3312
1270
3314
3315
8343
3317
3318
6357
3320
3321
2185
3323
3324
2212
3326
3327
9730
3329
3330
7122
3332
3333
9904
3335
3336
5314
3338
3339
9618
3341
3342
8349
3344
3345
8948
3347
3348
7853
3350
3351
7674
3353
3354
1501
3356
3357
6525
3359
3360
6738
3362
3363
7607
3365
3366
886
3368
3369
5635
3371
3372
7868
3374
3375
6555
3377
3378
844
3380
3381
7927
3383
3384
9042
3386
3387
9155
3389
3390
9259
3392
3393
6735
3395
3396
8297
3398
3399
8141
3401
3402
7253
3404
3405
1174
3407
3408
7696
3410
3411
9162
3413
3414
6140
3416
3417
9931
3419
3420
9877
3422
3423
9600
3425
3426
9294
3428
3429
3370
3431
3432
9564
3434
3435
8278
3437
3438
8238
3440
3441
5648
3443
3444
8875
3446
3447
9466
3449
3450
7486
3452
3453
7194
3455
3456
9121
3458
3459
8844
3461
3462
9330
3464
3465
8861
3467
3468
2419
3470
3471
9147
3473
3474
5718
3476
3477
2254
3479
3480
7174
3482
3483
8750
3485
3486
2572
3488
3489
9372
3491
3492
6400
3494
3495
6294
3497
3498
9547
3500
3501
2383
3503
3504
7302
3506
3507
7145
3509
3510
3454
3512
3513
8565
3515
3516
9785
3518
3519
9274
3521
3522
9803
3524
3525
9011
3527
3528
6223
3530
3531
9488
3533
3534
9515
3536
3537
5771
3539
3540
7533
3542
3543
1069
3545
3546
5821
3548
3549
3532
3551
3552
6858
3554
3555
2170
3557
3558
9256
3560
3561
3019
3563
3564
226
3566
3567
1912
3569
3570
6539
3572
3573
7968
3575
3576
7299
3578
3579
997
3581
3582
5762
3584
3585
7414
3587
3588
5193
3590
3591
2950
3593
3594
9176
3596
3597
2986
3599
3600
9879
3602
3603
1339
3605
3606
9786
3608
3609
7835
3611
3612
6752
3614
3615
9529
3617
3618
0
3620
3621
7431
3623
3624
9611
3626
3627
3091
3629
3630
5366
3632
3633
7453
3635
3636
7814
3638
3639
6981
3641
3642
9136
3644
3645
7409
3647
3648
8585
3650
3651
7602
3653
3654
9261
3656
3657
8312
3659
3660
5755
3662
3663
5893
3665
3666
9323
3668
3669
8227
3671
3672
5255
3674
3675
8931
3677
3678
6098
3680
3681
1363
3683
3684
5663
3686
3687
9860
3689
3690
7493
3692
3693
7965
3695
3696
1150
3698
3699
5770
3701
3702
6689
3704
3705
6528
3707
3708
5474
3710
3711
5221
3713
3714
5643
3716
3717
8206
3719
3720
7953
3722
3723
8094
3725
3726
8447
3728
3729
2182
3731
3732
9476
3734
3735
6964
3737
3738
6178
3740
3741
5319
3743
3744
5828
3746
3747
8415
3749
3750
8346
3752
3753
7573
3755
3756
109
3758
3759
6037
3761
3762
8131
3764
3765
7290
3767
3768
9850
3770
3771
5980
3773
3774
5619
3776
3777
1228
3779
3780
7840
3782
3783
9510
3785
3786
3676
3788
3789
1042
3791
3792
9970
3794
3795
6808
3797
3798
5201
3800
3801
7257
3803
3804
9831
3806
3807
3436
3809
3810
8490
3812
3813
7898
3815
3816
1927
3818
3819
6866
3821
3822
313
3824
3825
7418
3827
3828
1240
3830
3831
9493
3833
3834
5685
3836
3837
8400
3839
3840
6122
3842
3843
859
3845
3846
2374
3848
3849
5653
3851
3852
6020
3854
3855
199
3857
3858
9948
3860
3861
1588
3863
3864
6480
3866
3867
7230
3869
3870
5065
3872
3873
1888
3875
3876
6508
3878
3879
6310
3881
3882
8970
3884
3885
1951
3887
3888
3457
3890
3891
7325
3893
3894
9679
3896
3897
9394
3899
3900
8955
3902
3903
2761
3905
3906
196
3908
3909
2938
3911
3912
8273
3914
3915
8477
3917
3918
5206
3920
3921
3736
3923
3924
8034
3926
3927
2305
3929
3930
8533
3932
3933
9037
3935
3936
9470
3938
3939
7470
3941
3942
7612
3944
3945
5236
3947
3948
7272
3950
3951
6780
3953
3954
6267
3956
3957
9047
3959
3960
8281
3962
3963
9077
3965
3966
5329
3968
3969
7689
3971
3972
5365
3974
3975
9039
3977
3978
5768
3980
3981
9536
3983
3984
1750
3986
3987
2407
3989
3990
6186
3992
3993
9557
3995
3996
9158
3998
3999
7401
4001
4002
8666
4004
4005
7095
4007
4008
7888
4010
4011
3430
4013
4014
1963
4016
4017
8049
4019
4020
3025
4022
4023
6332
4025
4026
6769
4028
4029
5667
4031
4032
6912
4034
4035
6684
4037
4038
6807
4040
4041
6316
4043
4044
9654
4046
4047
6243
4049
4050
8587
4052
4053
7593
4055
4056
7808
4058
4059
9762
4061
4062
7962
4064
4065
5914
4067
4068
5405
4070
4071
8432
4073
4074
6087
4076
4077
817
4079
4080
4051
4082
4083
9469
4085
4086
5486
4088
4089
8990
4091
4092
5202
4094
4095
5688
4097
4098
5102
4100
4101
5497
4103
4104
8201
4106
4107
1084
4109
4110
9430
4112
4113
7185
4115
4116
8919
4118
4119
7138
4121
4122
7804
4124
4125
9491
4127
4128
6580
4130
4131
9727
4133
4134
5791
4136
4137
6724
4139
4140
5597
4142
4143
5607
4145
4146
7321
4148
4149
8693
4151
4152
5723
4154
4155
7776
4157
4158
8516
4160
4161
9864
4163
4164
5708
4166
4167
6285
4169
4170
9628
4172
4173
6421
4175
4176
8803
4178
4179
9332
4181
4182
7646
4184
4185
7377
4187
4188
1684
4190
4191
6464
4193
4194
8133
4196
4197
3361
4199
4200
5722
4202
4203
8310
4205
4206
6026
4208
4209
6949
4211
4212
5510
4214
4215
8413
4217
4218
628
4220
4221
2764
4223
4224
8316
4226
4227
6898
4229
4230
9001
4232
4233
5647
4235
4236
1552
4238
4239
9964
4241
4242
550
4244
4245
1738
4247
4248
406
4250
4251
9288
4253
4254
6538
4256
4257
5012
4259
4260
643
4262
4263
8175
4265
4266
9495
4268
4269
6637
4271
4272
9990
4274
4275
9573
4277
4278
6840
4280
4281
2362
4283
4284
2230
4286
4287
3748
4289
4290
694
4292
4293
9959
4295
4296
9094
4298
4299
8745
4301
4302
9777
4304
4305
7770
4307
4308
1312
4310
4311
1783
4313
4314
6638
4316
4317
4285
4319
4320
3343
4322
4323
9371
4325
4326
9834
4328
4329
3643
4331
4332
3502
4334
4335
5145
4337
4338
1216
4340
4341
5908
4343
4344
3160
4346
4347
5809
4349
4350
7539
4352
4353
1162
4355
4356
9423
4358
4359
7449
4361
4362
6036
4364
4365
6951
4367
4368
9418
4370
4371
7761
4373
4374
6940
4376
4377
8552
4379
4380
5185
4382
4383
7188
4385
4386
3679
4388
4389
9687
4391
4392
5526
4394
4395
7924
4397
4398
3973
4400
4401
9183
4403
4404
8014
4406
4407
8253
4409
4410
7204
4412
4413
4102
4415
4416
4255
4418
4419
463
4421
4422
7210
4424
4425
6982
4427
4428
8033
4430
4431
5832
4433
4434
7097
4436
4437
2680
4439
4440
8114
4442
4443
4120
4445
4446
9939
4448
4449
787
4451
4452
5687
4454
4455
7921
4457
4458
9383
4460
4461
3226
4463
4464
9910
4466
4467
331
4469
4470
9441
4472
4473
7869
4475
4476
6121
4478
4479
6268
4481
4482
3619
4484
4485
1168
4487
4488
3139
4490
4491
7579
4493
4494
9924
4496
4497
7144
4499
4500
8982
4502
4503
5883
4505
4506
6887
4508
4509
5032
4511
4512
6327
4514
4515
7438
4517
4518
6996
4520
4521
8947
4523
4524
7604
4526
4527
8235
4529
4530
1159
4532
4533
8458
4535
4536
7836
4538
4539
253
4541
4542
8883
4544
4545
2992
4547
4548
8460
4550
4551
7807
4553
4554
3022
4556
4557
3412
4559
4560
763
4562
4563
6203
4565
4566
8544
4568
4569
8946
4571
4572
9637
4574
4575
7557
4577
4578
6874
4580
4581
7445
4583
4584
3265
4586
4587
7015
4589
4590
8443
4592
4593
9783
4595
4596
5781
4598
4599
1693
4601
4602
7162
4604
4605
52
4607
4608
1027
4610
4611
9084
4613
4614
3304
4616
4617
3925
4619
4620
9315
4622
4623
1342
4625
4626
3463
4628
4629
853
4631
4632
9857
4634
4635
7713
4637
4638
4543
4640
4641
2632
4643
4644
9906
4646
4647
7553
4649
4650
7618
4652
4653
6763
4655
4656
8866
4658
4659
5407
4661
4662
7124
4664
4665
5115
4667
4668
2158
4670
4671
8638
4673
4674
5120
4676
4677
7996
4679
4680
271
4682
4683
4300
4685
4686
1942
4688
4689
9504
4691
4692
5345
4694
4695
5072
4697
4698
3202
4700
4701
8214
4703
4704
8319
4706
4707
9934
4709
4710
7784
4712
4713
91
4715
4716
7861
4718
4719
7075
4721
4722
5592
4724
4725
961
4727
4728
2302
4730
4731
5913
4733
4734
712
4736
4737
9980
4739
4740
4567
4742
4743
6047
4745
4746
8272
4748
4749
2731
4751
4752
370
4754
4755
8985
4757
4758
6101
4760
4761
5711
4763
4764
3004
4766
4767
4378
4769
4770
3721
4772
4773
9667
4775
4776
736
4778
4779
6619
4781
4782
9955
4784
4785
1246
4787
4788
7918
4790
4791
2794
4793
4794
6871
4796
4797
1567
4799
4800
8505
4802
4803
6517
4805
4806
2515
4808
4809
7259
4811
4812
3154
4814
4815
5266
4817
4818
1489
4820
4821
5156
4823
4824
7528
4826
4827
6029
4829
4830
703
4832
4833
3655
4835
4836
7954
4838
4839
7388
4841
4842
7424
4844
4845
9131
4847
4848
8788
4850
4851
5551
4853
4854
6881
4856
4857
9200
4859
4860
8892
4862
4863
8605
4865
4866
9688
4868
4869
4582
4871
4872
8829
4874
4875
4081
4877
4878
5200
4880
4881
8589
4883
4884
5819
4886
4887
9033
4889
4890
8478
4892
4893
7463
4895
4896
1081
4898
4899
5216
4901
4902
3049
4904
4905
1195
4907
4908
9724
4910
4911
5513
4913
4914
7793
4916
4917
7873
4919
4920
6144
4922
4923
9735
4925
4926
3376
4928
4929
8032
4931
4932
2605
4934
4935
8706
4937
4938
2710
4940
4941
8889
4943
4944
7112
4946
4947
6683
4949
4950
6560
4952
4953
4849
4955
4956
6435
4958
4959
3385
4961
4962
7661
4964
4965
6938
4967
4968
7564
4970
4971
4375
4973
4974
3562
4976
4977
9528
4979
4980
8528
4982
4983
412
4985
4986
3184
4988
4989
2056
4991
4992
6179
4994
4995
5343
4997
4998
9160
5000
5001
1039
151
5004
5005
5006
5007
1573
5009
5010
5011
4258
5013
5014
5015
2344
5017
5018
5019
5020
2809
5022
5023
5024
5025
5026
5027
5028
5029
5030
5031
4510
5033
5034
622
5036
1885
5038
5039
5040
5041
5042
5043
5044
5045
5046
5047
5048
5049
2341
5051
5052
5053
5054
901
1444
2644
5058
5059
5060
5061
5062
5063
5064
3871
5066
5067
5068
5069
5070
5071
4696
5073
5074
7
5076
5077
5078
5079
5080
5081
1300
5083
5084
5085
5086
5087
5088
5089
5090
1840
5092
5093
2458
3271
697
5097
5098
5099
5100
5101
4099
2356
5104
5105
5106
259
5108
5109
1597
5111
2923
5113
5114
4666
1054
5117
5118
5119
4675
5121
5122
5123
3277
5125
1258
5127
5128
5129
3007
874
5132
5133
1138
5135
5136
5137
5138
5139
5140
5141
2719
5143
5144
4336
5146
5147
5148
5149
5150
5151
2353
5153
5154
5155
4822
5157
5158
5159
5160
532
5162
5163
5164
5165
1816
5167
1459
1651
5170
5171
5172
1399
5174
5175
5176
5177
2209
5179
5180
5181
790
5183
5184
4381
5186
5187
5188
5189
5190
5191
5192
3589
5194
715
4021
5197
3076
5199
4879
3799
4093
5203
5204
4354
3919
5207
5208
5209
5210
5211
1681
646
5214
5215
4900
5217
5218
1846
5220
3712
5222
5223
5224
796
5226
5227
511
5229
139
5231
5232
1156
5234
5235
3946
3874
2893
5239
493
5241
1528
5243
5244
5245
601
1777
5248
5249
5250
4
2434
3175
1762
3673
5256
5257
5258
5259
5260
5261
361
2596
3469
5265
4816
5267
5268
5269
5270
1102
5272
5273
547
5275
2890
5277
5278
5279
82
5281
5282
5283
5284
5285
5286
922
5288
5289
5290
1828
5292
5293
5294
5295
5296
5297
5298
5299
211
4786
5302
5303
5304
5305
5306
5307
5308
5309
5310
5311
5312
5313
3337
5315
5316
5317
5318
3742
3829
460
5322
5323
892
5325
3604
5327
5328
3967
5330
5331
5332
5333
5334
5335
5336
88
5338
292
1858
5341
5342
4996
2707
4693
5346
5347
5348
5349
1417
5351
1540
5353
5354
5355
5356
5357
2860
3544
5360
5361
5362
5363
5364
4399
3631
394
910
5369
5370
5371
919
5373
5374
5375
5376
5377
5378
5379
5380
2857
5382
5383
5384
5385
1648
5387
5388
5389
5390
5391
5392
5393
5394
5395
514
1105
610
5399
5400
352
913
5403
5404
4069
262
4660
1129
5409
5410
5411
5412
5413
358
4309
5416
4312
5418
5419
1303
781
5422
5423
5424
5425
5426
5427
5428
5429
5430
5431
5432
5433
5434
5435
2218
2947
5438
5439
5440
5441
5442
5443
5444
5445
916
5447
5448
883
5450
5451
5452
5453
5454
5455
5456
5457
5458
5459
5460
5461
5462
5463
2299
5465
5466
5467
5468
5469
5470
5471
5472
5473
3709
5475
5476
5477
1657
5479
5480
5481
1021
5483
5484
880
4087
133
5488
5489
5490
5491
5492
5493
5494
5495
5496
4414
5498
5499
5500
5501
5502
5503
5504
5505
5506
5507
5508
5509
4213
5511
5512
4912
5514
5515
2803
5517
5518
5519
5520
1909
1672
5523
2236
5525
4393
1825
5528
5529
5530
5531
5532
5533
5534
5535
508
5537
5538
5539
5540
4243
5542
5543
5544
5545
5546
5547
5548
634
5550
4852
835
5553
2842
3682
5556
2074
685
937
5560
5561
4291
5563
4750
1546
5566
5567
5568
5569
5570
5571
5572
2500
5574
5575
5576
5577
5578
5579
5580
5581
5582
2935
5584
5585
5586
5587
5588
5589
5590
991
4723
3070
1474
1360
5596
4141
2575
826
5600
5601
5602
5603
5604
5605
5606
4144
5608
5609
5610
5611
5612
5613
5614
5615
958
5617
5618
3775
5620
5621
5622
1252
5624
565
5626
658
5628
5629
5630
247
5632
5633
5634
4012
5636
5637
5638
5639
5640
2179
439
3715
5644
5645
5646
4234
3442
5649
5650
5651
5652
3850
2455
5655
5656
5657
5658
5659
1123
3142
5662
3685
5664
5665
5666
4030
5668
5669
163
5671
5672
5673
124
5675
5676
5677
5678
5679
5680
3886
721
5683
5684
3835
1894
4453
4096
5689
5690
5691
1351
5693
5694
5695
5696
409
5698
5699
5700
5701
5702
5703
5704
5705
5706
5707
4165
2722
5710
4762
5712
5713
5714
5715
5716
5717
3475
5719
1696
5721
4201
4153
5724
5725
5726
5727
5728
5729
2728
5731
5732
2365
5734
5735
5736
577
5738
964
5740
2788
5742
5743
5744
2647
5746
5747
5748
5749
5750
5751
5752
5753
2050
3661
5756
5757
5758
5759
5760
5761
3583
2752
5764
5765
2530
5767
3979
1705
3700
3538
5772
5773
5774
889
5776
5777
1255
5779
2608
4597
5782
5783
5784
5785
2260
5787
5788
5789
2875
4135
2233
1627
5794
5795
5796
5797
5798
5799
5800
2119
5802
5803
2278
5805
5806
2386
5808
4348
757
5811
5812
3355
5814
487
5816
5817
5818
4885
5820
3547
5822
5823
5824
5825
5826
1924
3745
1636
310
5831
4432
5833
1984
5835
5836
5837
3322
5839
5840
5841
5842
5843
5844
5845
5846
5847
1849
5849
5850
5851
5852
5853
5854
5855
5856
5857
5858
5859
5860
5861
5862
5863
5864
5865
5866
5867
5868
5869
5870
3217
3097
5873
5874
5875
5876
5877
5878
5879
2701
4339
5882
4504
5884
5885
5886
5887
5888
5889
5890
5891
5892
3664
5894
5895
5896
5897
5898
5899
1471
5901
5902
5903
5904
2041
5906
5907
4342
5909
5910
5911
5912
4732
4066
5915
5916
5917
5918
1087
5920
5921
5922
5923
5924
3196
5926
5927
5928
5929
5930
5931
5932
5933
5934
76
5936
1747
1861
5939
5940
5941
5942
2314
5944
5945
5946
5947
5948
2578
5950
3259
1183
5953
5954
5955
5956
5957
5958
5959
5960
3148
2713
5963
388
2449
5966
5967
5968
5969
376
5971
5972
5973
5974
1618
1426
5977
1918
3856
3772
3757
2569
5983
5984
1219
5986
5987
5988
1882
5990
1897
5992
5993
5994
5995
5996
5997
5998
5999
6000
6001
4222
6003
6004
6005
6006
6007
385
6009
2836
6011
6012
592
6014
6015
6016
1078
6018
6019
3853
2854
6022
6023
6024
3289
4207
6027
2227
4828
6030
2032
6032
985
1987
6035
4363
3760
6038
6039
1852
6041
6042
6043
589
2131
2557
4744
1660
6049
6050
6051
6052
6053
6054
6055
6056
6057
6058
2377
6060
6061
6062
6063
6064
6065
3232
6067
6068
6069
6070
6071
6072
6073
6074
6075
6076
6077
6078
6079
6080
2533
6082
6083
6084
6085
6086
4075
6088
2584
6090
6091
6092
6093
6094
6095
6096
6097
4387
6099
454
4759
6102
6103
4108
6105
6106
6107
6108
6109
6110
6111
6112
6113
2326
2545
6116
6117
1480
6119
6120
4477
3841
6123
6124
481
6126
6127
478
6129
6130
6131
6132
6133
6134
934
6136
6137
6138
3823
3415
6141
6142
1384
4921
6145
6146
6147
6148
6149
6150
6151
6152
2665
2338
154
6156
6157
6158
6159
6160
6161
6162
6163
6164
6165
6166
6167
6168
6169
6170
1630
6172
6173
6174
6175
6176
6177
3739
4993
6180
2257
6182
6183
6184
6185
3991
6187
6188
6189
6190
6191
6192
6193
6194
6195
6196
6197
6198
982
6200
6201
1006
4564
6204
6205
6206
6207
6208
6209
6210
6211
640
6213
6214
6215
6216
6217
6218
6219
6220
4699
499
3529
6224
6225
6226
6227
2668
6229
6230
6231
6232
334
6234
6235
6236
6237
6238
6239
1036
6241
1735
4048
6244
3211
6246
6247
6248
1873
6250
1207
6252
6253
6254
6255
6256
6257
6258
1345
3406
6261
3268
6263
6264
6265
6266
3955
4480
6269
6270
6271
6272
6273
16
6275
6276
2659
6278
6279
6280
6281
6282
6283
6284
4168
6286
6287
6288
6289
2845
6291
6292
6293
3496
6295
6296
2359
6298
2968
346
1798
6302
688
6304
6305
6306
1447
6308
6309
3880
6311
1213
6313
6314
6315
4042
6317
6318
6319
6320
6321
6322
6323
6324
6325
6326
4513
6328
2929
6330
6331
4024
6333
6334
6335
6336
6337
6338
6339
6340
6341
6342
6343
6344
6345
6346
6347
6348
6349
6350
6351
6352
6353
6354
6355
6356
3319
6358
148
6360
6361
1060
6363
6364
2734
2443
6367
3283
6369
6370
6371
3730
6373
6374
1432
6376
6377
6378
6379
6380
6381
6382
3280
6384
4903
6386
3133
6388
6389
6390
6391
6392
6393
3229
127
3223
373
6398
6399
3493
6401
6402
6403
6404
1375
6406
6407
6408
709
6410
6411
6412
6413
3379
6415
6416
6417
6418
6419
6420
4174
2467
6423
6424
6425
6426
6427
6428
2086
6430
6431
6432
3208
6434
4957
6436
6437
6438
2683
6440
6441
6442
2251
6444
6445
6446
1429
6448
6449
6450
6451
6452
6453
6454
6455
2806
6457
6458
6459
6460
6461
6462
6463
4192
6465
6466
6467
2053
6469
3286
6471
6472
6473
6474
6475
6476
6477
6478
6479
3865
6481
6482
6483
6484
6485
6486
6487
6488
6489
6490
2416
166
6493
6494
6495
2071
6497
1870
6499
6500
6501
6502
301
6504
6505
6506
6507
3877
6509
6510
6511
6512
6513
6514
6515
6516
4804
2023
4540
6520
6521
6522
6523
6524
3358
6526
6527
3706
6529
6530
6531
6532
775
6534
6535
2656
6537
4417
3571
6540
6541
1741
6543
6544
2587
6546
808
6548
6549
6550
6551
1336
2776
6554
4927
6556
6557
6558
6559
4951
6561
1276
6563
3247
4897
823
6567
286
6569
6570
6571
6572
6573
6574
6575
6576
6577
1663
6579
4129
115
1483
6583
6584
3136
6586
6587
6588
6589
6590
6591
6592
6593
6594
6595
367
6597
6598
6599
1279
6601
6602
6603
6604
6605
6606
6607
6608
6609
6610
4468
4642
6613
2983
6615
6616
6617
1504
4780
6620
6621
6622
6623
6624
6625
6626
1408
6628
6629
6630
6631
6632
1930
6634
979
6636
4270
4315
6639
6640
3295
6642
1411
6644
1090
6646
6647
6648
6649
829
6651
6652
6653
6654
6655
1993
6657
6658
6659
6660
6661
6662
3250
2626
2821
6666
6667
6668
6669
6670
238
3220
2815
6674
6675
6676
6677
739
6679
6680
6681
6682
4948
4036
6685
6686
6687
6688
3703
6690
6691
6692
6693
6694
1807
6696
6697
6698
6699
6700
6701
6702
6703
6704
1981
6706
6707
6708
6709
157
6711
6712
952
6714
6715
4438
6717
289
6719
6720
6721
2320
6723
4138
6725
6726
6727
6728
1732
1642
4606
6732
6733
6734
3394
6736
2437
4198
805
6740
6741
6742
6743
6744
6745
6746
136
6748
6749
1117
6751
3613
6753
283
6755
6756
6757
6758
6759
6760
6761
472
4654
6764
6765
6766
6767
2122
4027
6770
6771
490
3313
6774
6775
6776
784
6778
6779
3952
6781
6782
6783
6784
1324
6786
6787
2779
6789
6790
6791
6792
6793
6794
6795
6796
6797
6798
6799
1939
6801
1837
6803
6804
6805
6806
4039
3796
1
6810
6811
6812
6813
6814
2248
6816
616
85
6819
6820
6821
6822
6823
6824
6825
2599
1717
6828
6829
6830
6831
6832
6833
4906
6835
2902
2125
6838
6839
4279
6841
6842
6843
1420
6845
6846
6847
6848
2482
6850
2635
6852
6853
6854
3907
2833
727
3553
2611
6860
6861
6862
6863
6864
6865
3820
1756
6868
6869
664
4795
6872
2512
4579
6875
6876
6877
6878
6879
6880
4855
6882
6883
280
6885
6886
4507
6888
6889
6890
6891
2242
1507
6894
6895
6896
6897
4228
1147
6900
6901
3073
6903
6904
6905
2224
1615
6908
6909
6910
6911
4033
6913
6914
6915
6916
6917
6918
6919
6920
6921
6922
2128
6924
6925
1579
6927
6928
6929
6930
1450
2068
6933
6934
6935
1699
6937
4966
6939
4972
1492
6942
6943
6944
6945
6946
6947
6948
4210
6950
4366
3010
2995
6954
6955
6956
2065
3310
6959
1264
6961
6962
6963
3922
6965
6966
6967
6968
121
574
2737
6972
2176
2953
6975
6976
6977
841
1996
3904
3640
4426
6983
6984
6985
6986
6987
6988
6989
6990
6991
6992
1678
6994
6995
4519
6997
2062
6999
7000
7001
7002
7003
7004
1177
7006
7007
448
7009
7010
4450
2755
1759
1321
4588
2620
1606
7018
7019
7020
7021
7022
7023
7024
7025
7026
7027
7028
7029
3172
7031
7032
7033
7034
7035
7036
7037
7038
7039
7040
7041
1225
7043
7044
7045
7046
1915
7048
7049
7050
7051
7052
7053
7054
7055
2422
7057
7058
7059
7060
7061
7062
7063
7064
7065
7066
862
7068
7069
7070
7071
7072
7073
7074
4720
7076
7077
7078
7079
7080
7081
3106
7083
397
7085
7086
7087
7088
7089
7090
7091
3262
2215
7094
4006
7096
4435
7098
1585
7100
7101
7102
7103
7104
1591
7106
7107
1975
1033
7110
7111
4945
7113
2989
7115
7116
7117
7118
7119
7120
7121
3331
1969
4663
7125
7126
3199
7128
3478
7130
3088
7132
7133
7134
7135
7136
7137
4444
2392
7140
7141
7142
1990
4498
3508
3628
7147
7148
7149
7150
7151
7152
7153
7154
3055
7156
7157
7158
70
1531
7161
4603
7163
7164
7165
7166
7167
7168
7169
7170
7171
7172
7173
3481
2389
7176
7177
7178
7179
7180
7181
7182
7183
7184
4114
7186
7187
4384
7189
4681
7191
7192
7193
3511
7195
7196
7197
172
7199
2098
7201
7202
7203
4411
7205
7206
1297
7208
7209
4423
7211
7212
7213
7214
7215
7216
7217
7218
1999
7220
7221
1435
2077
7224
7225
904
7227
7228
7229
3868
7231
1249
7233
2089
7235
7236
7237
7238
1771
7240
7241
7242
7243
7244
7245
7246
7247
7248
7249
7250
7251
7252
3403
7254
2509
1009
3802
7258
4810
7260
7261
7262
7263
7264
7265
7266
7267
7268
7269
7270
7271
3949
7273
7274
7275
7276
7277
7278
7279
2746
7281
7282
1603
7284
7285
7286
7287
7288
7289
3766
2005
7292
7293
7294
2518
325
604
7298
3577
7300
2323
3505
7303
7304
7305
1000
7307
7308
1381
7310
7311
7312
2161
7314
2749
7316
7317
2461
811
7320
4147
7322
2662
4585
3892
7326
7327
7328
49
7330
7331
7332
748
2284
7335
7336
661
7338
7339
7340
7341
7342
7343
7344
7345
7346
7347
7348
7349
7350
7351
7352
7353
7354
7355
7356
7357
7358
949
7360
7361
7362
7363
7364
7365
7366
7367
505
7369
7370
7371
2818
7373
7374
7375
7376
4186
7378
2296
7380
7381
4933
7383
7384
7385
1675
556
4840
7389
7390
7391
7392
1957
7394
7395
2767
7397
7398
322
7400
4000
7402
7403
7404
7405
7406
7407
7408
3646
202
7411
1357
7413
3586
7415
7416
7417
3826
7419
7420
7421
568
2404
4843
7425
7426
7427
7428
7429
7430
3622
7432
2164
7434
7435
7436
7437
4516
7439
7440
2113
7442
7443
4798
4870
2092
7447
7448
4360
2503
7451
2473
3634
7454
7455
7456
7457
7458
7459
7460
7461
7462
4894
7464
3598
7466
7467
2884
2920
3940
3187
7472
7473
7474
7475
7476
7477
7478
7479
7480
7481
7482
7483
7484
7485
3451
7487
7488
7489
7490
7491
7492
3691
7494
7495
2446
7497
7498
7499
7500
7501
7502
2491
7504
46
4630
7507
730
7509
7510
7511
7512
7513
7514
7515
7516
7517
7518
7519
7520
7521
7522
7523
7524
7525
7526
814
4825
7529
7530
7531
7532
3541
7534
4237
7536
7537
7538
4351
7540
7541
7542
7543
7544
7545
3178
7547
7548
7549
7550
7551
7552
4648
7554
7555
7556
4576
7558
7559
7560
7561
7562
2269
4969
7565
7566
7567
7568
7569
7570
7571
7572
3754
7574
7575
1198
7577
7578
4492
7580
7581
7582
2272
7584
7585
4792
1072
7588
7589
7590
7591
7592
4054
7594
7595
7596
4987
7598
7599
7600
7601
3652
1582
4525
7605
7606
3364
7608
7609
7610
7611
3943
7613
58
7615
7616
3568
4651
7619
7620
7621
7622
7623
3058
2743
7626
7627
7628
7629
7630
7631
2536
7633
7634
106
7636
7637
7638
7639
754
4687
7642
7643
7644
7645
4183
7647
2974
7649
7650
7651
7652
7653
7654
7655
7656
7657
2773
2044
7660
4963
7662
7663
3124
7665
7666
7667
7668
1906
7670
625
1843
7673
3352
7675
7676
1774
7678
7679
7680
7681
7682
7683
7684
2206
7686
7687
7688
3970
7690
7691
7692
7693
613
7695
3409
7697
1267
7699
2689
868
7702
7703
7704
7705
3082
7707
7708
7709
2038
67
3190
4636
7714
7715
7716
7717
7718
7719
7720
1867
1624
7723
3292
3778
7726
7727
7728
7729
7730
7731
1024
7733
2281
2590
7736
7737
7738
7739
7740
7741
7742
7743
7744
7745
7746
7747
1243
1099
7750
7751
7752
7753
2134
7755
7756
7757
7758
7759
2452
4372
7762
655
2029
7765
7766
7767
7768
673
4306
718
7772
1210
7774
2932
4156
7777
670
7779
7780
3040
7782
1621
4711
2677
7786
7787
7788
1402
7790
7791
7792
4915
7794
7795
7796
7797
7798
850
7800
1393
3121
1294
4123
7805
7806
4552
4057
7809
7810
7811
7812
7813
3637
7815
7816
7817
7818
7819
7820
3817
7822
7823
7824
7825
7826
7827
94
1558
7830
7831
7832
7833
7834
3610
4537
7837
7838
7839
3781
7841
7842
7843
7844
7845
751
2623
3214
7849
7850
7851
7852
3349
2593
7855
2287
7857
7858
2191
7860
4717
7862
7863
7864
7865
7866
1633
3373
4474
7870
7871
7872
4918
7874
7875
2944
2506
1768
7879
955
2686
7882
7883
7884
7885
7886
7887
4009
7889
7890
7891
2740
7893
7894
7895
7896
7897
3814
7899
7900
7901
7902
7903
7904
1933
328
7907
7908
7909
7910
7911
7912
7913
7914
7915
2116
7917
4789
7919
1720
4456
3697
7923
4396
25
7926
3382
7928
7929
7930
793
7932
7933
7934
7935
7936
7937
2941
7939
7940
2905
7942
7943
391
7945
160
7947
7948
2824
7950
7951
7952
4771
4837
7955
7956
7957
3064
7959
7960
7961
4063
7963
7964
3694
7966
7967
3574
1096
355
7971
7972
1234
451
7975
7976
7977
7978
7979
7980
7981
7982
7983
7984
7985
7986
7987
7988
43
7990
7991
7992
619
2167
7995
4678
667
7998
7999
8000
8001
8002
8003
8004
8005
8006
8007
8008
8009
4753
8011
8012
8013
4405
220
1714
4735
925
8019
8020
8021
8022
8023
8024
8025
190
8027
8028
8029
2956
1726
4930
4429
4618
8035
1729
8037
8038
1795
8040
8041
8042
8043
40
8045
8046
8047
8048
4018
3157
8051
8052
8053
8054
8055
8056
8057
8058
430
8060
8061
2470
8063
8064
8065
1765
8067
8068
2716
8070
8071
8072
8073
8074
8075
8076
8077
8078
8079
8080
8081
2542
8083
8084
3985
8086
8087
8088
8089
8090
8091
8092
8093
3724
8095
8096
8097
8098
8099
8100
79
8102
8103
8104
8105
8106
8107
8108
8109
742
8111
8112
2980
4441
8115
8116
8117
8118
8119
8120
8121
1525
8123
8124
8125
169
8127
8128
1396
3118
3763
8132
4195
8134
967
8136
8137
8138
2695
2551
3400
8142
8143
349
8145
571
8147
8148
8149
8150
8151
2308
8153
8154
8155
8156
931
8158
8159
8160
8161
8162
8163
8164
2848
8166
34
8168
8169
8170
64
8172
8173
3193
4264
8176
8177
8178
2200
943
8181
8182
8183
8184
8185
8186
8187
8188
8189
8190
8191
8192
8193
1786
8195
8196
8197
8198
8199
8200
4105
1390
8203
8204
8205
3718
8207
8208
8209
8210
871
8212
1687
4702
4765
8216
8217
1612
8219
8220
8221
8222
8223
8224
8225
8226
3670
8228
8229
205
1237
8232
3592
8234
4528
2494
8237
3439
8239
8240
8241
8242
8243
8244
8245
1261
2371
8248
8249
8250
745
8252
4408
8254
8255
8256
8257
8258
8259
4189
8261
802
8263
8264
2425
8266
8267
946
8269
8270
8271
4747
3913
3046
8275
8276
8277
3808
8279
8280
3961
8282
8283
8284
2887
2704
8287
8288
8289
8290
8291
8292
8293
8294
8295
8296
3397
8298
8299
8300
8301
8302
8303
8304
1108
8306
8307
8308
8309
4204
8311
3658
8313
8314
8315
4225
8317
8318
4705
8320
8321
1315
3001
8324
8325
8326
8327
8328
8329
2197
8331
3028
8333
8334
8335
8336
8337
8338
8339
8340
8341
8342
3316
2548
8345
3751
8347
8348
4321
8350
8351
8352
8353
8354
2869
1063
8357
8358
8359
8360
2851
8362
8363
8364
8365
8366
8367
8368
8369
2476
8371
8372
8373
8374
8375
8376
8377
8378
2311
8380
8381
8382
856
4813
8385
8386
8387
8388
8389
8390
8391
8392
8393
8394
2563
8396
8397
1744
8399
3838
8401
8402
8403
8404
8405
8406
8407
8408
8409
8410
8411
2146
4216
8414
4288
8416
8417
3100
8419
1066
8421
8422
8423
8424
2614
8426
8427
8428
8429
8430
8431
4072
2782
8434
8435
8436
8437
8438
8439
8440
8441
8442
4591
8444
8445
8446
3727
8448
1801
8450
8451
8452
8453
8454
8455
4420
724
4534
8459
4549
1126
8462
8463
8464
8465
8466
2008
8468
8469
8470
8471
8472
2524
8474
8475
8476
3916
4891
8479
8480
8481
4531
8483
8484
8485
8486
8487
8488
2866
3811
3325
8492
8493
8494
8495
8496
8497
559
8499
8500
8501
8502
1822
4777
4801
8506
8507
8508
8509
8510
2629
2380
8513
97
8515
4159
1576
8518
3298
2410
8521
8522
3061
8524
8525
8526
8527
4981
8529
8530
8531
8532
3931
8534
8535
586
8537
8538
8539
8540
8541
8542
8543
4741
8545
8546
8547
8548
8549
8550
1201
4768
8553
8554
877
847
2650
8558
364
8560
3034
8562
3151
8564
3514
8566
8567
2725
2899
8570
8571
2107
8573
8574
8575
8576
2566
8578
8579
8580
8581
8582
8583
8584
3649
8586
4876
8588
4882
988
8591
421
8593
8594
8595
8596
8597
8598
8599
8600
3085
3013
8603
8604
4864
8606
8607
8608
8609
8610
8611
8612
8613
8614
8615
8616
8617
8618
8619
8620
8621
3244
4990
2014
2149
8626
8627
8628
8629
8630
8631
8632
8633
3043
8635
8636
343
4672
8639
8640
8641
8642
8643
8644
2428
8646
8647
8648
8649
8650
8651
1231
4561
8654
8655
8656
8657
8658
8659
10
8661
8662
3862
8664
8665
4003
8667
1666
8669
8670
8671
8672
1510
8674
8675
8676
3988
1180
8679
8680
8681
8682
8683
8684
8685
8686
8687
8688
8689
8690
1708
8692
4150
8694
8695
8696
8697
8698
8699
1495
2173
8702
8703
8704
8705
4936
8707
8708
8709
8710
8711
1609
1543
8714
8715
8716
8717
8718
8719
8720
2521
973
8723
8724
8725
8726
3253
8728
8729
8730
1075
8732
8733
8734
8735
1903
8737
8738
8739
520
8741
8742
2479
1372
4684
1690
8747
8748
8749
3484
8751
8752
1282
8754
8755
4246
4831
8758
8759
8760
8761
8762
8763
976
8765
8766
1954
8768
8769
8770
8771
3169
8773
8774
8775
8776
8777
2791
3037
8780
8781
1189
4546
8784
8785
1900
8787
4954
8789
1876
8791
8792
8793
8794
3301
8796
1561
8798
8799
8800
8801
8802
4177
8804
8805
8806
8807
8808
8809
649
8811
103
8813
8814
8815
8816
8817
8818
8819
607
3928
2527
4249
8824
8825
8826
8827
8828
4873
2560
8831
8832
8833
8834
8835
8836
8837
2317
8839
8840
8841
55
8843
3460
8845
8846
8847
8848
8849
8850
8851
3205
8853
8854
8855
8856
8857
8858
8859
8860
3466
8862
8863
8864
8865
4657
223
8868
1486
8870
8871
8872
307
691
3445
8876
8877
8878
3580
8880
8881
8882
4639
8884
8885
8886
8887
8888
4942
8890
8891
4861
8893
8894
8895
8896
8897
8898
8899
928
2872
2002
8903
8904
8905
8906
475
8908
8909
8910
2896
8912
8913
1891
8915
8916
8917
8918
4117
8920
8921
8922
8923
8924
8925
8926
8927
8928
8929
4333
3787
1132
8933
8934
8935
1186
8937
8938
8939
8940
8941
8942
8943
8944
8945
4570
4522
3346
1018
8950
8951
1153
8953
8954
3901
8956
8957
8958
8959
8960
3016
1012
8963
8964
8965
8966
8967
8968
8969
3883
8971
8972
8973
8974
8975
8976
8977
8978
8979
8980
1819
4501
214
8984
4756
700
8987
8988
8989
4090
8991
8992
8993
8994
8995
8996
8997
8998
8999
9000
4231
3487
9003
9004
9005
1945
9007
9008
9009
1333
3526
4729
9013
9014
9015
9016
9017
9018
9019
9020
9021
9022
9023
9024
9025
2827
1318
9028
9029
9030
9031
9032
4888
9034
1834
9036
3934
9038
3976
9040
2035
4960
9043
9044
9045
2347
3958
9048
9049
2026
9051
9052
9053
9054
9055
4345
9057
9058
9059
9060
9061
9062
9063
9064
229
1273
9067
9068
9069
9070
9071
2962
9073
9074
9075
9076
3964
9078
9079
9080
9081
9082
3052
4612
9085
9086
9087
2137
9089
9090
2971
2977
142
4297
9095
496
457
2398
4714
9100
9101
2692
9103
9104
1114
9106
9107
9108
1960
2800
9111
9112
9113
9114
379
9116
241
9118
1330
9120
3889
3079
9123
9124
9125
9126
9127
9128
9129
9130
4846
9132
9133
9134
9135
4330
9137
9138
9139
9140
9141
9142
9143
9144
9145
9146
3472
9148
9149
9150
3130
2143
9153
2101
3388
9156
9157
3997
9159
4999
9161
4558
9163
9164
9165
9166
2275
9168
9169
9170
9171
9172
9173
9174
9175
3595
3094
9178
9179
3307
9181
9182
4402
9184
9185
9186
9187
9188
9189
9190
1456
9192
9193
9194
9195
9196
4624
2485
9199
4858
9201
4078
9203
9204
9205
9206
9207
9208
9209
9210
9211
9212
9213
9214
9215
9216
9217
9218
9219
2638
9221
9222
9223
9224
9225
9226
9227
9228
9229
9230
9231
2998
9233
9234
9235
9236
9237
9238
9239
9240
1441
9242
9243
9244
9245
2878
9247
9248
553
9250
9251
9252
9253
2797
9255
3559
9257
820
3391
9260
4834
9262
9263
9264
9265
9266
9267
2917
100
9270
9271
9272
9273
3520
9275
1306
9277
9278
9279
9280
9281
9282
9283
9284
9285
9286
2698
4252
9289
3112
9291
2641
9293
3427
9295
9296
3910
9298
9299
268
9301
2413
9303
9304
2110
1465
895
9308
9309
9310
9311
9312
9313
2080
4621
9316
1423
9318
2020
9320
9321
9322
3667
9324
9325
1594
9327
9328
9329
4627
4807
4180
682
9334
9335
9336
9337
130
9339
9340
9341
9342
9343
9344
9345
9346
9347
9348
9349
9350
9351
9352
9353
4819
9355
9356
9357
1462
9359
1003
9361
9362
3238
9364
9365
4615
1966
9368
9369
9370
4324
3490
9373
9374
9375
9376
9377
9378
9379
865
9381
9382
4459
9384
9385
9386
1120
9388
9389
9390
9391
2335
9393
3898
9395
9396
9397
9398
4219
9400
9401
2602
9403
9404
9405
9406
9407
9408
9409
9410
9411
2539
9413
9414
9415
1405
2440
4369
9419
9420
1093
9422
4357
9424
9425
9426
235
9428
9429
4111
9431
9432
9433
9434
9435
3256
9437
9438
9439
295
4471
3163
9443
9444
9445
9446
9447
9448
9449
9450
9451
9452
265
3115
1534
1972
9457
9458
9459
9460
2674
9462
2863
9464
9465
3448
9467
9468
4084
3937
9471
9472
9473
9474
1111
3733
9477
9478
9479
9480
9481
9482
9483
9484
9485
9486
9487
3550
9489
9490
4126
9492
3832
37
4267
9496
9497
9498
9499
2617
9501
9502
2368
4690
2401
9506
277
484
2770
3784
9511
9512
1348
9514
3535
9516
4489
9518
1414
4600
3241
4486
9523
9524
9525
3235
9527
4978
3616
9530
9531
382
1564
9534
9535
3982
9537
1639
2263
9540
9541
9542
9543
1204
2830
2785
3499
1030
9549
9550
2914
9552
1291
9554
631
9556
3994
9558
2059
9560
9561
73
9563
3433
9565
9566
1366
9568
9569
9570
9571
9572
4276
9574
9575
9576
9577
9578
9579
9580
1810
9582
9583
9584
9585
9586
9587
9588
2965
9590
2926
526
9593
9594
1057
1549
9597
9598
9599
3424
3103
9602
9603
9604
1144
9606
2155
9608
3367
9610
3625
4462
9613
9614
9615
9616
9617
3340
9619
3109
9621
9622
9623
9624
9625
9626
9627
4171
1537
9630
9631
907
9633
9634
9635
9636
4573
9638
9639
9640
9641
9642
9643
9644
9645
9646
9647
9648
9649
9650
1309
9652
2911
4045
9655
9656
9657
9658
9659
9660
9661
9662
9663
4261
9665
9666
4774
184
9669
9670
2395
9672
9673
9674
9675
9676
9677
9678
3895
9680
595
9682
9683
9684
9685
2908
4390
4867
9689
9690
9691
9692
9693
9694
9695
9696
9697
9698
9699
9700
9701
9702
9703
9704
9705
9706
9707
9708
9709
9710
9711
1789
2221
4984
9715
9716
1804
9718
9719
9720
2140
9722
9723
4909
9725
9726
4132
9728
9729
3328
9731
9732
9733
9734
4924
9736
9737
9738
9739
427
9741
9742
9743
9744
9745
9746
337
9748
2011
3844
9751
9752
9753
9754
9755
4975
9757
9758
9759
9760
2329
4060
9763
9764
9765
9766
9767
9768
9769
9770
9771
9772
9773
9774
9775
9776
4303
9778
9779
9780
9781
9782
4594
9784
3517
3607
9787
9788
2488
1327
706
436
2095
9794
9795
9796
9797
9798
9799
2959
9801
9802
3523
9804
9805
9806
9807
9808
9809
9810
9811
9812
9813
9814
9815
3565
9817
3556
9819
3067
4726
9822
4282
9824
9825
1135
9827
9828
9829
9830
3805
9832
424
4327
2194
9836
9837
9838
9839
9840
9841
3127
9843
9844
9845
9846
9847
9848
2293
3769
766
9852
9853
400
9855
9856
4633
2104
1048
3688
9861
1468
9863
4162
9865
9866
9867
9868
9869
9870
9871
2266
9873
9874
994
679
3421
9878
3601
3145
2017
2881
9883
9884
9885
2245
562
9888
9889
9890
2431
9892
4318
9894
9895
9896
9897
9898
304
9900
9901
9902
1498
3334
9905
4645
9907
9908
9909
4465
9911
1387
1438
9914
9915
9916
4939
9918
9919
2350
9921
9922
9923
4495
9925
4015
9927
3790
9929
3274
3418
9932
9933
4708
208
9936
9937
1600
4447
9940
9941
1285
9943
9944
4669
9946
9947
3859
538
9950
1654
9952
9953
9954
4783
9956
4609
2332
4294
1831
9961
9962
3847
4240
9965
9966
9967
9968
9969
3793
9971
1222
9973
9974
9975
9976
9977
9978
9979
4738
9981
9982
2839
9984
9985
9986
9987
9988
9989
4273
9991
9992
9993
4555
9995
9996
9997
9998
760
10000