378
820
213
227
272
159
171
419
127
104
628
544
598
818
124
295
355
443
571
523
37
933
982
583
102
192
48
915
726
817
842
356
996
144
304
697
305
310
423
282
660
156
203
541
211
296
326
153
396
987
163
962
279
493
345
254
998
138
265
738
879
312
106
32
736
113
675
363
539
277
308
988
764
230
519
140
261
877
327
286
555
54
293
66
57
316
38
643
132
528
968
538
294
197
330
399
945
217
257
903
164
379
19
276
40
679
615
522
492
477
79
236
946
577
458
72
722
247
392
5
489
807
776
537
956
508
232
226
554
645
263
781
646
780
359
575
108
788
745
533
292
652
512
126
311
770
649
685
216
964
868
275
524
639
193
469
478
373
993
243
561
187
364
481
632
346
633
929
796
234
760
136
303
252
417
46
655
939
762
338
874
88
23
6
647
248
449
608
331
204
835
864
28
13
530
375
980
967
880
98
334
995
923
958
328
592
288
775
953
580
479
15
117
297
12
746
343
976
932
710
566
450
849
732
662
385
18
433
992
787
640
638
966
139
977
300
348
336
27
93
724
26
99
540
812
919
990
400
963
601
827
635
725
761
591
706
714
938
636
105
81
353
747
744
858
942
585
802
606
892
137
729
74
797
95
447
420
616
779
711
921
786
468
210
401
563
340
169
167
599
387
358
333
514
902
862
212
278
742
381
619
430
150
125
672
804
241
936
259
719
170
199
128
777
888
734
659
240
991
207
147
955
337
189
473
526
255
444
177
360
505
155
641
225
285
404
388
68
411
878
205
389
58
855
335
474
684
416
854
229
100
551
521
496
897
97
61
602
439
306
268
603
274
753
885
369
699
107
924
480
949
14
881
810
898
676
190
325
494
413
30
666
201
705
981
384
133
518
287
101
822
322
96
425
371
130
191
985
467
913
206
407
893
573
692
694
667
709
466
624
260
593
883
546
112
115
174
589
559
301
656
843
215
382
347
377
80
618
549
221
994
749
821
702
550
727
220
704
186
4
600
671
912
233
78
142
62
634
122
181
683
578
863
502
941
669
542
53
688
944
470
341
910
51
698
626
707
495
267
219
840
76
332
109
506
111
703
173
200
92
621
485
238
828
870
557
77
612
498
841
339
845
515
808
490
435
576
904
937
329
406
24
266
617
642
516
717
118
372
22
180
989
918
837
517
33
235
531
869
415
789
280
405
931
319
317
432
324
824
545
228
876
900
771
148
882
55
809
905
630
595
448
782
354
791
986
536
716
861
20
682
36
455
476
582
798
188
730
773
597
848
129
409
895
665
242
298
318
739
198
792
748
361
663
750
909
887
894
165
223
629
813
172
52
434
623
572
246
768
114
342
281
896
119
158
765
637
154
70
587
873
397
906
429
64
984
801
997
59
884
35
859
73
826
790
687
720
357
461
209
743
475
596
510
218
116
84
249
63
839
291
767
10
424
969
532
149
195
654
970
574
622
547
208
534
39
857
11
658
950
504
237
715
262
891
783
403
836
511
755
961
34
520
202
176
408
391
386
584
56
979
362
733
421
290
917
483
926
911
307
431
701
446
500
581
960
678
350
713
899
8
250
426
43
365
321
157
631
907
75
445
553
50
175
121
414
161
825
674
2
185
463
832
31
437
349
930
756
613
723
627
21
418
94
270
141
673
380
370
120
914
816
509
134
614
41
535
29
947
570
799
853
680
299
251
610
398
728
677
696
182
737
560
695
957
834
708
323
87
901
650
668
871
45
499
664
940
402
866
394
558
691
454
315
609
214
103
7
3
183
625
224
283
503
644
69
552
973
774
954
302
123
829
86
179
440
146
264
428
943
152
851
67
922
916
289
395
471
928
814
422
758
194
568
71
351
693
751
700
253
686
196
860
82
184
757
852
393
661
131
436
795
527
562
89
927
222
823
999
456
847
543
846
718
844
689
513
838
890
487
491
427
983
9
803
959
390
452
741
160
778
653
110
462
588
670
759
965
579
920
442
830
166
908
1000
482
60
91
90
16
47
590
168
49
886
256
352
269
889
459
951
766
376
501
412
605
752
374
320
811
25
867
44
457
925
367
525
529
856
564
162
366
244
594
934
974
850
85
556
793
135
833
451
65
620
972
975
740
831
872
271
586
488
769
441
17
453
785
763
245
472
484
712
548
438
486
273
681
971
284
507
368
875
465
314
460
239
151
607
794
948
690
805
231
784
143
865
735
344
800
464
772
754
569
567
178
42
978
731
815
565
309
145
313
611
806
604
83
410
1
497
648
935
651
657
383
721
819
258
952