dfs recursive  list
14,14,2.5286e-05,13,32
13,13,2.1861e-05,12,32
16,16,3.0543e-05,15,39
10,10,1.6196e-05,9,23
8,8,1.3833e-05,7,19
14,14,2.7193e-05,13,32
14,14,2.8673e-05,13,32
13,13,2.2272e-05,12,29
12,12,2.0811e-05,11,31
6,6,9.999e-06,5,13
10,10,1.2817e-05,9,22
11,11,2.1607e-05,10,24
12,12,2.1028e-05,11,27
13,13,1.9182e-05,12,31
16,16,2.88e-05,15,37
10,10,1.5129e-05,9,24
2,2,1.15e-06,1,3
13,13,2.0645e-05,12,32
6,6,9.779e-06,5,12
12,12,2.0494e-05,11,26
7,7,1.1212e-05,6,16
13,13,2.6276e-05,12,32
6,6,7.586e-06,5,14
5,5,5.898e-06,4,10
4,4,3.678e-06,3,8
10,10,1.5144e-05,9,24
7,7,7.139e-06,6,15
3,3,3.014e-06,2,5
12,12,1.768e-05,11,29
3,3,2.34e-06,2,5
8,8,1.2619e-05,7,17
14,14,2.2746e-05,13,36
6,6,9.273e-06,5,12
7,7,6.713e-06,6,15
3,3,3.348e-06,2,4
14,14,2.3685e-05,13,36
7,7,7.011e-06,6,15
14,14,3.1688e-05,13,34
10,10,2.3252e-05,9,23
15,15,2.4339e-05,14,35
5,5,6.018e-06,4,9
10,10,1.6209e-05,9,25
4,4,4.842e-06,3,9
15,15,4.4044e-05,14,34
15,15,4.1216e-05,14,35
3,3,5.692e-06,2,6
2,2,2.913e-06,1,3
11,11,1.8691e-05,10,25
11,11,1.9659e-05,10,24
13,13,1.9554e-05,12,31
14,14,2.3645e-05,13,32
13,13,2.2683e-05,12,30
9,9,1.2588e-05,8,20
11,11,1.8097e-05,10,25
8,8,1.3548e-05,7,18
3,3,3.592e-06,2,6
5,5,6.99e-06,4,11
7,7,6.687e-06,6,15
7,7,1.0373e-05,6,16
15,15,3.088e-05,14,39
6,6,7.99e-05,5,14
9,9,1.1335e-05,8,20
15,15,2.8153e-05,14,36
13,13,2.2864e-05,12,30
15,15,3.5568e-05,14,38
5,5,6.342e-06,4,9
3,3,3.194e-06,2,6
7,7,8.603e-06,6,15
14,14,2.1976e-05,13,32
6,6,5.562e-06,5,12
13,13,2.3047e-05,12,33
8,8,1.2441e-05,7,18
14,14,9.7406e-05,13,33
4,4,5.146e-06,3,7
15,15,2.7941e-05,14,39
4,4,5.301e-06,3,8
13,13,2.5036e-05,12,31
7,7,7.849e-06,6,15
15,15,2.2142e-05,14,37
13,13,2.5739e-05,12,32
6,6,7.221e-06,5,12
5,5,6.814e-06,4,10
9,9,1.7872e-05,8,19
7,7,1.1495e-05,6,17
6,6,9.951e-06,5,13
12,12,1.9515e-05,11,31
6,6,6.632e-06,5,12
16,16,2.4971e-05,15,39
10,10,0.000170912,9,21
4,4,4.211e-06,3,6
13,13,2.5363e-05,12,33
8,8,1.4652e-05,7,18
14,14,2.8427e-05,13,31
6,6,9.302e-06,5,12
14,14,2.7489e-05,13,32
7,7,9.12e-06,6,16
5,5,4.097e-06,4,10
10,10,1.9546e-05,9,23
14,14,2.2966e-05,13,33
6,6,9.574e-06,5,14
dfs recursive  matrix
2,2,2.096e-06,1,3
3,3,3.155e-06,2,6
7,7,4.765e-06,6,15
10,10,6.606e-06,9,23
5,5,4.534e-06,4,10
3,3,4.103e-06,2,6
8,8,6.503e-06,7,19
6,6,4.529e-06,5,14
14,14,1.0361e-05,13,32
6,6,1.5302e-05,5,14
14,14,9.896e-06,13,32
10,10,5.385e-06,9,22
9,9,5.107e-06,8,20
9,9,6.28e-06,8,20
13,13,8.84e-06,12,30
9,9,5.758e-06,8,21
6,6,3.457e-06,5,13
10,10,6.064e-06,9,23
7,7,3.437e-06,6,15
7,7,3.689e-06,6,15
5,5,3.746e-06,4,10
16,16,1.1961e-05,15,33
3,3,2.323e-06,2,4
13,13,9.719e-06,12,28
5,5,1.923e-06,4,11
6,6,2.738e-06,5,13
5,5,5.172e-06,4,11
9,9,3.856e-06,8,21
3,3,1.129e-06,2,6
4,4,2.522e-06,3,7
8,8,5.678e-06,7,18
10,10,9.627e-06,9,21
13,13,1.1564e-05,12,30
10,10,7.852e-06,9,22
10,10,8.555e-06,9,23
2,2,1.922e-06,1,3
13,13,8.319e-06,12,29
15,15,1.0757e-05,14,31
8,8,3.934e-06,7,18
10,10,1.0485e-05,9,23
12,12,6.431e-06,11,30
8,8,4.459e-06,7,18
5,5,2.556e-06,4,9
15,15,9.932e-06,14,34
5,5,2.673e-06,4,9
15,15,8.9e-06,14,34
6,6,2.916e-06,5,14
14,14,9.098e-06,13,32
4,4,3.429e-06,3,9
17,17,1.2912e-05,16,38
6,6,3.723e-06,5,13
6,6,3.377e-06,5,11
4,4,2.089e-06,3,6
16,16,1.1133e-05,15,38
4,4,2.48e-06,3,8
6,6,2.533e-06,5,12
11,11,7.714e-06,10,24
11,11,5.431e-06,10,24
11,11,5.391e-06,10,22
15,15,9.044e-06,14,35
8,8,3.797e-06,7,18
13,13,8.285e-06,12,29
14,14,8.272e-06,13,35
8,8,5.021e-06,7,15
4,4,2.476e-06,3,8
9,9,5.907e-06,8,18
5,5,2.822e-06,4,9
5,5,2.676e-06,4,11
14,14,9.135e-06,13,30
3,3,1.956e-06,2,4
9,9,6.097e-06,8,18
6,6,3.868e-06,5,12
3,3,1.332e-06,2,5
7,7,2.428e-06,6,16
3,3,1.219e-06,2,6
11,11,4.899e-06,10,24
7,7,2.755e-06,6,16
15,15,6.398e-06,14,35
11,11,4.826e-06,10,22
8,8,3.025e-06,7,18
12,12,5.32e-06,11,27
15,15,7.468e-06,14,34
4,4,1.86e-06,3,7
12,12,5.278e-06,11,24
5,5,1.925e-06,4,9
6,6,1.844e-06,5,13
5,5,2.685e-06,4,10
4,4,1.723e-06,3,8
7,7,3.484e-06,6,13
13,13,6.863e-06,12,28
13,13,6.223e-06,12,29
2,2,6.013e-06,1,3
13,13,9.073e-06,12,32
9,9,5.197e-06,8,19
12,12,5.816e-06,11,30
5,5,1.0447e-05,4,11
11,11,6.112e-06,10,22
7,7,1.7426e-05,6,14
7,7,4.336e-06,6,13
6,6,2.17e-06,5,13
dfs iterative  list
5,5,1.5943e-05,4,11
2,2,6.865e-06,1,3
2,2,5.097e-06,1,3
6,6,1.3047e-05,5,13
6,6,1.1211e-05,5,14
7,7,1.0511e-05,6,14
3,3,5.194e-06,2,5
13,13,2.9039e-05,12,30
13,13,1.9238e-05,12,31
6,6,1.3738e-05,5,12
9,9,3.0681e-05,8,20
6,6,1.7712e-05,5,14
9,9,1.9612e-05,8,21
8,8,1.5419e-05,7,17
3,3,7.214e-06,2,4
2,2,7.472e-06,1,2
6,6,1.6943e-05,5,12
8,8,2.5692e-05,7,17
6,6,1.3934e-05,5,12
2,2,3.793e-06,1,3
9,9,1.9537e-05,8,22
3,3,4.761e-06,2,5
4,4,6.701e-06,3,9
15,15,2.5672e-05,14,39
8,8,1.6006e-05,7,17
11,11,2.1743e-05,10,26
4,4,5.816e-06,3,8
3,3,4.321e-06,2,6
13,13,2.0923e-05,12,31
13,13,2.2718e-05,12,33
5,5,9.877e-06,4,11
11,11,1.724e-05,10,25
17,17,2.754e-05,16,42
14,14,2.3511e-05,13,32
9,9,1.634e-05,8,19
15,15,3.119e-05,14,34
7,7,1.3248e-05,6,17
3,3,5.327e-06,2,5
9,9,1.5187e-05,8,22
17,17,2.7374e-05,16,42
5,5,7.629e-06,4,11
15,15,2.6573e-05,14,35
2,2,5.517e-06,1,3
6,6,1.0098e-05,5,12
13,13,2.4295e-05,12,31
9,9,1.5033e-05,8,19
10,10,1.6461e-05,9,24
8,8,2.5065e-05,7,17
6,6,1.2645e-05,5,13
7,7,1.3868e-05,6,14
9,9,2.1612e-05,8,21
7,7,1.5338e-05,6,17
8,8,1.4488e-05,7,17
4,4,7.654e-06,3,7
3,3,5.976e-06,2,5
16,16,3.0824e-05,15,40
9,9,2.0652e-05,8,21
11,11,2.1831e-05,10,24
7,7,1.7579e-05,6,17
6,6,9.258e-06,5,13
10,10,1.7206e-05,9,24
9,9,2.1024e-05,8,22
10,10,2.14e-05,9,25
2,2,3.149e-06,1,3
6,6,1.2255e-05,5,13
8,8,1.3558e-05,7,18
13,13,2.9799e-05,12,30
13,13,2.6677e-05,12,29
10,10,1.7776e-05,9,22
8,8,1.0791e-05,7,17
13,13,2.3665e-05,12,32
8,8,2.072e-05,7,17
13,13,8.0493e-05,12,31
9,9,2.0232e-05,8,22
14,14,2.4796e-05,13,36
8,8,1.406e-05,7,18
11,11,1.8961e-05,10,27
7,7,6.776e-05,6,14
7,7,1.1505e-05,6,17
6,6,7.767e-06,5,12
12,12,2.1121e-05,11,27
6,6,8.204e-06,5,13
4,4,5.118e-06,3,8
5,5,6.639e-06,4,10
8,8,1.351e-05,7,19
12,12,2.2667e-05,11,29
11,11,2.0259e-05,10,25
16,16,2.8984e-05,15,39
10,10,1.7088e-05,9,24
2,2,2.845e-06,1,3
13,13,2.2094e-05,12,30
2,2,5.418e-06,1,2
11,11,2.1076e-05,10,27
4,4,5.713e-06,3,7
13,13,2.1079e-05,12,33
10,10,1.8776e-05,9,21
7,7,2.2461e-05,6,17
2,2,0.000178882,1,2
6,6,2.8985e-05,5,13
10,10,6.7345e-05,9,24
dfs iterative  matrix
7,7,5.559e-05,6,17
16,16,4.4344e-05,15,41
9,9,3.1919e-05,8,20
2,2,1.3136e-05,1,3
11,11,2.7073e-05,10,26
10,10,1.576e-05,9,22
12,12,1.7143e-05,11,27
16,16,1.7316e-05,15,36
9,9,1.1584e-05,8,20
14,14,1.7215e-05,13,31
5,5,1.6483e-05,4,11
2,2,3.291e-06,1,3
15,15,1.4457e-05,14,34
7,7,8.698e-06,6,17
13,13,1.344e-05,12,30
13,13,1.5015e-05,12,27
7,7,8.472e-06,6,17
12,12,1.7085e-05,11,27
16,16,1.6401e-05,15,35
11,11,1.2932e-05,10,24
4,4,5.329e-06,3,7
13,13,1.5384e-05,12,27
6,6,7.497e-06,5,11
7,7,7.553e-06,6,15
14,14,1.48e-05,13,31
3,3,4.269e-06,2,4
12,12,1.3572e-05,11,24
15,15,1.5603e-05,14,32
4,4,4.548e-06,3,8
2,2,3.245e-06,1,3
16,16,1.495e-05,15,36
10,10,1.1895e-05,9,21
4,4,5.009e-06,3,8
3,3,3.675e-06,2,4
8,8,7.436e-06,7,18
12,12,1.659e-05,11,28
16,16,1.5365e-05,15,35
15,15,1.448e-05,14,33
5,5,6.098e-06,4,11
5,5,6.626e-06,4,9
9,9,9.641e-06,8,21
7,7,7.364e-06,6,14
12,12,1.6173e-05,11,28
8,8,8.26e-06,7,18
5,5,4.672e-06,4,11
12,12,1.1206e-05,11,28
5,5,8.325e-06,4,11
7,7,1.1917e-05,6,15
11,11,1.3285e-05,10,22
13,13,1.377e-05,12,29
5,5,6.758e-06,4,9
11,11,1.0895e-05,10,26
7,7,7.848e-06,6,15
14,14,1.4882e-05,13,32
9,9,1.2049e-05,8,20
8,8,9.373e-06,7,17
7,7,7.831e-06,6,17
10,10,1.5935e-05,9,23
2,2,4.852e-06,1,3
3,3,6.754e-06,2,5
16,16,2.3918e-05,15,33
7,7,1.3275e-05,6,14
11,11,7.3255e-05,10,22
8,8,1.4005e-05,7,17
4,4,7.61e-06,3,7
2,2,4.487e-06,1,3
7,7,1.1213e-05,6,15
5,5,1.1434e-05,4,11
8,8,1.0735e-05,7,18
12,12,2.1668e-05,11,28
16,16,1.8085e-05,15,33
3,3,5.556e-06,2,5
3,3,7.357e-06,2,5
14,14,2.2229e-05,13,31
12,12,1.5413e-05,11,26
12,12,1.7144e-05,11,26
7,7,1.0156e-05,6,15
12,12,1.3851e-05,11,27
9,9,9.414e-06,8,19
11,11,1.2296e-05,10,24
11,11,1.1223e-05,10,24
10,10,1.0562e-05,9,23
13,13,1.3769e-05,12,29
9,9,9.7e-06,8,20
12,12,1.2699e-05,11,24
7,7,7.735e-06,6,14
16,16,1.6124e-05,15,35
11,11,1.1801e-05,10,24
5,5,1.0084e-05,4,11
4,4,6.675e-06,3,8
14,14,1.5084e-05,13,32
14,14,1.6031e-05,13,32
8,8,9.54e-06,7,15
14,14,1.3898e-05,13,32
12,12,1.2408e-05,11,27
8,8,9.244e-06,7,17
8,8,8.203e-06,7,16
5,5,1.7026e-05,4,11
12,12,1.3224e-05,11,26
7,7,7.041e-06,6,15
bfs recursive  list
3,6,9.771e-06,2,4
3,9,1.1608e-05,2,5
4,11,8.7266e-05,3,9
4,15,2.0618e-05,3,7
4,8,9.984e-06,3,6
5,14,2.0408e-05,4,11
5,15,2.0748e-05,4,10
3,5,8.001e-06,2,4
2,2,5.825e-06,1,3
4,11,1.3594e-05,3,7
3,5,8.566e-06,2,5
3,6,7.601e-06,2,6
2,4,7.035e-06,1,3
5,11,1.5847e-05,4,9
4,12,1.6897e-05,3,8
7,16,2.5773e-05,6,15
5,15,3.528e-05,4,10
3,8,9.532e-06,2,6
3,5,8.557e-06,2,6
4,16,2.2144e-05,3,7
3,6,9.014e-06,2,4
3,5,9.379e-06,2,4
2,5,6.22e-06,1,2
3,7,8.92e-06,2,5
2,4,7.482e-06,1,2
2,2,4.953e-06,1,3
2,3,5.054e-06,1,3
4,12,1.5501e-05,3,7
3,8,1.086e-05,2,4
2,4,5.242e-06,1,2
3,7,8.229e-06,2,4
3,11,1.1924e-05,2,5
2,2,3.913e-06,1,3
4,14,1.8032e-05,3,8
5,15,2.0327e-05,4,10
4,9,1.1282e-05,3,8
4,11,1.266e-05,3,8
3,7,7.44e-06,2,6
4,8,9.921e-06,3,8
6,14,1.9782e-05,5,13
6,15,2.096e-05,5,12
4,12,2.1313e-05,3,8
2,2,5.506e-06,1,2
3,11,1.9073e-05,2,5
5,13,3.3579e-05,4,11
4,10,2.1431e-05,3,9
2,3,7.266e-06,1,2
6,16,4.034e-05,5,12
4,12,1.4742e-05,3,8
4,13,2.362e-05,3,7
5,12,1.6177e-05,4,10
3,8,1.0267e-05,2,5
5,15,2.1595e-05,4,9
4,13,1.5179e-05,3,8
4,14,1.8772e-05,3,8
5,14,2.3112e-05,4,11
2,5,5.057e-06,1,2
4,9,1.1087e-05,3,7
3,8,1.0052e-05,2,6
2,3,4.358e-06,1,2
5,14,1.9352e-05,4,9
3,7,8.045e-06,2,5
3,4,5.934e-06,2,4
4,12,1.515e-05,3,8
2,2,3.242e-06,1,2
4,15,1.8986e-05,3,8
3,7,8.795e-06,2,5
4,9,1.0821e-05,3,8
3,5,6.795e-06,2,5
3,7,7.908e-06,2,6
3,8,9.416e-06,2,4
4,13,1.7227e-05,3,8
3,7,8.923e-06,2,6
3,5,6.989e-06,2,5
3,11,1.2746e-05,2,4
4,13,1.6015e-05,3,7
6,16,2.3974e-05,5,13
2,2,3.954e-06,1,2
3,6,1.2016e-05,2,4
3,5,1.3742e-05,2,6
3,5,1.9918e-05,2,4
5,11,2.9828e-05,4,9
2,3,1.5416e-05,1,3
5,16,5.1165e-05,4,10
3,8,3.7575e-05,2,5
2,3,2.4481e-05,1,2
6,16,5.0437e-05,5,13
5,13,4.7591e-05,4,10
4,13,4.0476e-05,3,6
3,8,1.5676e-05,2,5
4,9,1.8038e-05,3,7
5,16,2.4339e-05,4,10
3,7,1.4839e-05,2,5
4,11,1.8663e-05,3,8
4,11,2.3607e-05,3,6
4,15,2.8639e-05,3,8
3,6,1.2301e-05,2,5
4,15,2.9339e-05,3,7
4,10,2.6299e-05,3,6
2,2,7.976e-06,1,2
bfs recursive  matrix
2,4,1.0066e-05,1,2
2,3,7.098e-06,1,2
5,16,3.0723e-05,4,10
2,5,5.987e-06,1,3
4,12,1.4655e-05,3,8
4,15,2.0131e-05,3,7
2,3,4.802e-06,1,2
4,10,1.2017e-05,3,7
2,2,3.914e-06,1,3
4,9,1.1323e-05,3,7
3,7,1.1057e-05,2,5
3,8,1.0192e-05,2,5
5,15,2.1549e-05,4,9
2,3,4.36e-06,1,2
5,14,1.8746e-05,4,9
2,2,6.474e-06,1,3
5,15,4.008e-05,4,9
5,13,4.1518e-05,4,9
6,16,3.9452e-05,5,12
4,10,2.1214e-05,3,8
5,13,2.3553e-05,4,10
4,10,1.9379e-05,3,7
3,8,1.4041e-05,2,6
5,14,2.4097e-05,4,10
5,13,2.3421e-05,4,9
4,11,1.5326e-05,3,7
3,10,1.1798e-05,2,5
3,4,7.126e-06,2,5
3,8,1.0417e-05,2,4
6,16,2.3576e-05,5,12
3,7,8.531e-06,2,4
4,12,1.4174e-05,3,7
3,9,9.681e-06,2,5
4,15,1.465e-05,3,7
2,2,3.886e-06,1,3
3,11,1.1567e-05,2,5
4,12,1.4459e-05,3,8
3,11,1.253e-05,2,6
3,5,6.96e-06,2,6
4,15,1.898e-05,3,7
3,9,9.343e-06,2,5
3,12,1.1002e-05,2,5
2,5,4.876e-06,1,3
6,14,1.7855e-05,5,13
5,15,1.8363e-05,4,9
4,10,1.3163e-05,3,6
2,5,4.743e-06,1,3
5,15,1.9345e-05,4,11
4,14,1.7167e-05,3,7
3,4,5.702e-06,2,4
3,8,9.367e-06,2,6
3,6,6.94e-06,2,5
2,3,3.549e-06,1,2
5,13,1.5859e-05,4,11
2,3,3.645e-06,1,2
3,5,6.44e-06,2,6
3,8,7.703e-06,2,5
2,2,3.063e-06,1,2
4,9,1.0591e-05,3,7
7,16,2.287e-05,6,15
3,10,9.88e-06,2,4
4,10,1.2756e-05,3,9
3,5,6.7e-06,2,5
4,11,1.0921e-05,3,8
7,16,2.2576e-05,6,15
2,2,3.329e-06,1,3
5,15,2.8287e-05,4,10
2,2,5.534e-06,1,3
4,13,2.2247e-05,3,7
4,11,2.2032e-05,3,8
5,13,2.5143e-05,4,9
2,2,3.475e-06,1,2
3,9,1.0541e-05,2,4
4,9,1.4669e-05,3,8
2,4,5.612e-06,1,2
4,12,1.3731e-05,3,7
4,9,1.0901e-05,3,7
7,16,2.3849e-05,6,15
3,7,1.0525e-05,2,6
4,15,1.9166e-05,3,8
3,7,8.29e-06,2,6
5,13,1.5619e-05,4,10
2,5,5.047e-06,1,3
4,9,1.0805e-05,3,9
3,4,7.456e-06,2,5
2,3,3.981e-06,1,2
5,15,1.9783e-05,4,11
5,15,1.9772e-05,4,10
3,5,6.624e-06,2,4
5,13,1.7769e-05,4,10
5,14,1.9003e-05,4,9
3,8,9.126e-06,2,5
5,13,1.7727e-05,4,10
4,15,1.9796e-05,3,8
4,13,1.6683e-05,3,8
7,16,2.298e-05,6,15
3,10,1.0651e-05,2,5
3,8,1.5256e-05,2,4
5,16,3.5755e-05,4,10
4,12,2.4539e-05,3,8
bfs iterative  list
3,7,1.7672e-05,2,4
3,10,2.5403e-05,2,6
6,15,4.731e-05,5,13
5,15,4.131e-05,4,10
4,12,2.3658e-05,3,6
2,4,1.0557e-05,1,3
3,4,1.27e-05,2,4
3,7,1.253e-05,2,4
2,3,8.419e-06,1,2
5,13,2.9067e-05,4,11
4,13,3.3105e-05,3,8
6,15,3.5067e-05,5,13
2,4,8.7e-06,1,3
5,13,3.0632e-05,4,11
2,4,9.213e-06,1,3
4,11,2.7533e-05,3,6
4,11,1.9685e-05,3,9
3,11,1.1546e-05,2,5
4,14,1.8055e-05,3,7
2,2,4.398e-06,1,2
2,2,3.572e-06,1,2
4,11,1.4005e-05,3,7
3,8,8.342e-06,2,5
4,15,1.7446e-05,3,7
4,9,1.013e-05,3,8
4,13,1.403e-05,3,7
5,15,1.8648e-05,4,9
4,9,1.2153e-05,3,9
4,11,1.2367e-05,3,8
3,4,8.361e-06,2,5
5,12,1.6355e-05,4,11
3,7,1.0002e-05,2,4
5,14,1.9797e-05,4,11
3,5,6.367e-06,2,6
5,11,1.3916e-05,4,10
5,13,1.8605e-05,4,11
3,4,6.751e-06,2,5
3,9,1.0196e-05,2,5
2,4,8.618e-06,1,2
3,7,1.2822e-05,2,5
7,15,2.6704e-05,6,15
3,6,8.992e-06,2,6
6,15,2.1602e-05,5,12
2,3,5.238e-06,1,2
3,6,6.962e-06,2,5
3,5,6.737e-06,2,6
4,8,1.0356e-05,3,8
5,14,1.8367e-05,4,11
2,3,5.565e-06,1,2
4,11,1.4325e-05,3,8
4,9,1.305e-05,3,9
3,7,9.567e-06,2,5
2,4,5.64e-06,1,2
4,11,1.4053e-05,3,7
4,9,1.286e-05,3,7
7,15,2.2583e-05,6,15
4,11,1.2972e-05,3,8
3,4,7.319e-06,2,5
4,8,9.806e-06,3,7
3,5,6.622e-06,2,6
4,10,1.1718e-05,3,7
4,12,1.501e-05,3,8
3,4,6.741e-06,2,5
3,7,9.128e-06,2,4
3,9,1.0724e-05,2,6
2,4,9.784e-06,1,3
4,10,2.0107e-05,3,9
5,12,2.7434e-05,4,11
2,3,7.52e-06,1,3
4,14,3.0836e-05,3,7
5,12,1.8084e-05,4,11
5,12,1.7835e-05,4,9
2,3,5.114e-06,1,2
4,7,9.607e-06,3,6
5,11,1.5375e-05,4,10
2,2,3.333e-06,1,2
5,12,1.6541e-05,4,10
4,14,6.1276e-05,3,7
4,8,1.0042e-05,3,8
3,6,7.718e-06,2,5
4,8,1.0583e-05,3,8
5,15,2.0496e-05,4,10
4,11,1.3619e-05,3,7
2,4,8.062e-06,1,2
3,10,2.3532e-05,2,4
3,7,4.7477e-05,2,6
4,9,2.3077e-05,3,8
6,15,4.297e-05,5,13
4,8,1.9551e-05,3,8
5,13,2.9421e-05,4,9
2,5,9.946e-06,1,2
2,3,8.057e-06,1,2
6,13,2.8964e-05,5,12
4,12,2.2301e-05,3,8
3,8,1.6929e-05,2,6
2,2,8.116e-06,1,2
2,4,9.253e-06,1,3
5,12,2.2699e-05,4,11
3,11,1.2539e-05,2,5
2,3,1.0647e-05,1,3
bfs iterative  matrix
6,14,3.4397e-05,5,13
3,7,1.3548e-05,2,5
6,15,3.5093e-05,5,12
4,11,1.4945e-05,3,7
4,8,1.1393e-05,3,7
3,7,8.326e-06,2,5
3,5,6.614e-06,2,6
6,15,2.1939e-05,5,12
4,14,1.68e-05,3,7
2,2,4.305e-06,1,3
2,3,5.48e-06,1,2
5,13,1.761e-05,4,10
2,3,4.885e-06,1,2
4,9,1.1663e-05,3,7
2,4,5.521e-06,1,2
4,9,0.000199723,3,9
4,8,1.2146e-05,3,8
4,7,1.0743e-05,3,6
3,7,1.016e-05,2,5
3,6,9.991e-06,2,6
3,7,8.485e-06,2,6
5,13,2.1907e-05,4,9
5,14,1.9048e-05,4,11
5,13,1.7545e-05,4,9
4,12,1.3466e-05,3,7
5,10,1.2877e-05,4,11
4,7,8.932e-06,3,6
5,13,1.5751e-05,4,11
3,5,6.284e-06,2,5
3,5,6.559e-06,2,6
2,3,4.225e-06,1,3
5,13,1.8206e-05,4,9
4,14,1.7037e-05,3,7
4,11,1.3599e-05,3,7
6,13,1.8168e-05,5,12
3,9,1.0323e-05,2,5
5,15,1.8328e-05,4,10
6,13,1.736e-05,5,12
2,2,3.988e-06,1,3
3,5,6.528e-06,2,5
4,8,1.023e-05,3,7
3,7,6.637e-06,2,6
2,4,4.811e-06,1,3
5,15,1.8473e-05,4,10
5,10,1.249e-05,4,11
3,4,6.311e-06,2,5
3,10,1.0157e-05,2,4
4,8,9.054e-06,3,9
4,10,1.1358e-05,3,8
3,4,5.163e-06,2,4
2,4,4.538e-06,1,2
2,3,4.561e-06,1,2
4,7,7.505e-06,3,6
5,15,1.8259e-05,4,10
5,14,1.5618e-05,4,9
4,12,1.3869e-05,3,8
2,5,5.562e-06,1,3
5,13,1.5566e-05,4,9
4,9,1.1413e-05,3,9
4,8,9.041e-06,3,8
2,3,3.689e-06,1,2
3,10,9.321e-06,2,5
5,13,1.4213e-05,4,11
5,12,1.4041e-05,4,11
2,3,3.502e-06,1,2
3,4,4.517e-06,2,4
4,7,7.269e-06,3,6
4,11,9.733e-06,3,8
3,4,4.731e-06,2,4
3,7,6.755e-06,2,5
2,3,3.524e-06,1,2
2,2,3.26e-06,1,3
3,7,6.959e-06,2,5
4,9,9.73e-06,3,7
4,14,1.3771e-05,3,7
3,7,6.066e-06,2,5
3,6,5.581e-06,2,6
2,4,4.004e-06,1,3
2,2,4.354e-06,1,3
4,8,9.935e-06,3,8
3,6,7.044e-06,2,5
3,4,6.611e-06,2,4
4,7,8.854e-06,3,9
5,14,1.8471e-05,4,10
6,15,2.0696e-05,5,13
2,4,5.582e-06,1,3
4,13,1.6389e-05,3,7
3,6,6.701e-06,2,6
3,7,8.797e-06,2,5
4,11,1.4454e-05,3,8
2,3,5.833e-06,1,3
3,7,9.297e-06,2,4
4,13,1.7267e-05,3,8
4,10,1.4615e-05,3,8
2,2,4.371e-06,1,3
2,3,7.656e-06,1,2
4,14,4.6915e-05,3,8
4,8,1.7342e-05,3,9
4,8,2.7483e-05,3,7
5,10,2.1241e-05,4,11
a star  list
3,6,3.1779e-05,2,5
6,14,7.8417e-05,5,12
3,6,3.3126e-05,2,6
3,7,2.9745e-05,2,4
5,13,5.129e-05,4,10
3,7,1.955e-05,2,5
3,5,1.5373e-05,2,4
4,11,3.6312e-05,3,7
3,8,2.0909e-05,2,5
3,6,1.7411e-05,2,6
6,16,7.069e-05,5,12
3,11,3.9186e-05,2,6
3,6,1.8855e-05,2,6
4,8,3.5162e-05,3,6
2,5,1.5011e-05,1,3
3,6,3.1107e-05,2,4
4,9,4.4885e-05,3,8
5,10,6.5866e-05,4,9
2,3,1.3871e-05,1,3
4,13,6.4001e-05,3,7
4,12,7.8953e-05,3,9
2,5,2.0964e-05,1,3
6,16,0.000102063,5,12
2,5,3.0068e-05,1,2
4,11,0.000120387,3,8
5,13,5.429e-05,4,10
3,6,1.7616e-05,2,4
5,15,5.8053e-05,4,11
4,11,3.5383e-05,3,7
5,15,6.2231e-05,4,10
4,9,3.0567e-05,3,8
6,16,6.6084e-05,5,13
3,5,1.6074e-05,2,4
2,4,1.1943e-05,1,2
4,12,4.0718e-05,3,8
2,5,1.3454e-05,1,2
7,16,6.564e-05,6,15
5,11,4.294e-05,4,9
4,10,3.8574e-05,3,9
5,14,5.2263e-05,4,11
4,13,5.0717e-05,3,7
5,14,5.2488e-05,4,11
2,4,1.2118e-05,1,2
2,4,1.4785e-05,1,2
3,7,2.4306e-05,2,4
5,14,6.2856e-05,4,9
4,8,2.7466e-05,3,7
6,16,7.1683e-05,5,12
3,10,2.8023e-05,2,5
4,15,9.0088e-05,3,8
3,5,1.6189e-05,2,5
4,12,4.7385e-05,3,9
4,9,2.8557e-05,3,8
7,16,6.5222e-05,6,15
3,6,1.5225e-05,2,4
4,9,3.0322e-05,3,8
4,10,3.7035e-05,3,9
4,11,3.6666e-05,3,9
5,13,4.9858e-05,4,11
2,5,1.1672e-05,1,2
2,5,1.1364e-05,1,2
3,6,1.8024e-05,2,6
4,10,3.3694e-05,3,8
3,8,1.9166e-05,2,4
3,7,1.7063e-05,2,5
3,8,2.0238e-05,2,5
3,10,2.4886e-05,2,4
4,13,4.5258e-05,3,7
2,4,1.1944e-05,1,2
3,7,1.8363e-05,2,5
6,14,5.3425e-05,5,12
4,14,5.5664e-05,3,8
4,11,3.8484e-05,3,6
2,4,1.0763e-05,1,3
3,8,1.9857e-05,2,4
2,4,1.0401e-05,1,3
5,16,0.000130502,4,10
4,8,5.0911e-05,3,7
5,14,0.000113571,4,9
3,6,4.6652e-05,2,4
3,8,6.2862e-05,2,4
4,12,6.7462e-05,3,9
3,6,2.9039e-05,2,6
3,8,2.9369e-05,2,5
3,11,5.2221e-05,2,6
4,8,3.2067e-05,3,7
3,6,2.7583e-05,2,6
4,13,6.8402e-05,3,7
5,13,0.00041148,4,11
2,4,2.3123e-05,1,3
3,11,6.8777e-05,2,6
2,4,2.0436e-05,1,2
5,15,9.4392e-05,4,11
2,5,2.2115e-05,1,3
3,10,4.2626e-05,2,5
4,15,0.000102856,3,8
3,7,3.0258e-05,2,5
5,11,5.2485e-05,4,9
5,15,8.2482e-05,4,11
6,14,7.4809e-05,5,12
a star  matrix
3,6,2.9914e-05,2,6
3,6,2.0276e-05,2,4
4,8,0.000186457,3,7
2,4,1.8281e-05,1,3
5,14,8.4518e-05,4,9
2,3,1.3688e-05,1,2
2,4,2.2788e-05,1,2
2,4,1.8103e-05,1,2
6,15,0.00132811,5,13
5,15,9.4077e-05,4,10
4,14,9.5601e-05,3,8
3,6,2.8651e-05,2,4
4,12,6.6316e-05,3,8
5,13,7.6656e-05,4,11
5,11,5.948e-05,4,9
5,15,8.4078e-05,4,10
3,7,2.9866e-05,2,5
4,9,4.9934e-05,3,7
3,5,2.8172e-05,2,5
5,10,4.7818e-05,4,9
4,14,0.000135738,3,8
2,5,1.9722e-05,1,2
4,12,7.0007e-05,3,9
3,10,3.7927e-05,2,5
3,11,0.000121696,2,6
4,9,3.3967e-05,3,7
2,5,1.4141e-05,1,3
3,5,1.5793e-05,2,4
3,7,2.0728e-05,2,4
5,12,4.2737e-05,4,10
4,10,3.5626e-05,3,8
4,9,3.2661e-05,3,8
6,16,6.5796e-05,5,13
3,11,3.6762e-05,2,6
2,5,1.3718e-05,1,2
6,16,0.000109197,5,12
2,5,2.3e-05,1,3
2,5,1.9726e-05,1,2
6,15,9.2734e-05,5,13
3,6,2.6057e-05,2,5
2,4,1.7551e-05,1,3
4,8,3.751e-05,3,7
3,6,2.4481e-05,2,4
2,4,1.5809e-05,1,3
3,8,3.2204e-05,2,4
3,7,3.1266e-05,2,5
3,7,3.1164e-05,2,4
2,4,1.7499e-05,1,2
3,8,4.1663e-05,2,6
3,6,3.1481e-05,2,6
3,6,3.2034e-05,2,6
3,9,3.5865e-05,2,4
3,8,3.9945e-05,2,4
2,4,1.9372e-05,1,3
3,6,2.3413e-05,2,5
3,5,2.2518e-05,2,4
3,8,3.7299e-05,2,6
4,11,4.9299e-05,3,7
2,5,2.1443e-05,1,2
3,10,4.337e-05,2,5
3,6,6.6595e-05,2,4
3,7,4.4528e-05,2,5
3,6,3.2412e-05,2,6
3,7,3.1065e-05,2,4
3,8,3.4759e-05,2,4
5,13,7.3667e-05,4,10
4,11,6.3628e-05,3,9
2,5,2.7475e-05,1,2
3,6,2.9529e-05,2,6
6,15,6.3822e-05,5,13
3,5,1.8292e-05,2,5
2,3,1.3046e-05,1,2
2,5,2.2156e-05,1,2
5,13,7.3036e-05,4,11
2,4,1.7439e-05,1,2
2,4,2.2654e-05,1,3
4,11,5.1227e-05,3,7
4,11,4.0481e-05,3,6
3,7,3.8082e-05,2,5
3,7,2.8184e-05,2,4
4,11,5.2199e-05,3,7
5,13,0.000271407,4,10
5,13,7.9669e-05,4,10
2,5,1.8903e-05,1,3
6,14,7.3201e-05,5,12
3,8,3.3398e-05,2,6
6,15,0.000154447,5,13
4,13,7.938e-05,3,7
3,11,4.3774e-05,2,6
3,6,2.8045e-05,2,4
5,13,6.954e-05,4,11
5,13,7.8523e-05,4,10
3,8,2.9381e-05,2,5
2,4,1.5804e-05,1,2
3,7,2.8905e-05,2,4
3,7,2.6673e-05,2,4
3,6,2.2837e-05,2,4
4,13,6.3802e-05,3,7
2,5,1.8581e-05,1,3
5,14,7.5716e-05,4,11
dijkstra  list
5,14,7.23e-05,4,9
3,10,4.4382e-05,2,5
3,5,2.5793e-05,2,5
6,14,8.9728e-05,5,12
5,15,8.9752e-05,4,11
2,5,2.3275e-05,1,3
5,9,4.7484e-05,4,9
2,5,1.9357e-05,1,2
6,16,0.000184178,5,12
3,8,4.3995e-05,2,4
3,7,3.6452e-05,2,5
4,10,4.5374e-05,3,6
4,11,5.0108e-05,3,7
4,14,7.5532e-05,3,8
5,13,6.9979e-05,4,11
4,11,5.936e-05,3,8
5,12,6.0839e-05,4,10
5,15,8.4668e-05,4,11
3,7,3.0339e-05,2,5
3,10,4.6783e-05,2,5
3,7,3.0617e-05,2,5
3,6,2.8259e-05,2,5
3,8,3.9977e-05,2,6
4,11,5.6181e-05,3,9
4,10,0.000139182,3,6
2,4,2.0715e-05,1,2
4,11,9.9614e-05,3,9
4,10,5.3115e-05,3,8
5,14,7.9113e-05,4,11
5,14,7.8978e-05,4,11
2,4,1.7275e-05,1,3
3,7,3.7697e-05,2,4
4,15,0.000330462,3,8
3,10,4.696e-05,2,5
6,16,0.000109199,5,13
2,5,1.9772e-05,1,2
2,4,1.5898e-05,1,3
3,5,2.0959e-05,2,4
3,11,0.000233767,2,6
4,15,8.242e-05,3,8
4,14,7.9161e-05,3,8
5,13,6.7791e-05,4,9
3,8,3.4115e-05,2,6
5,13,6.3145e-05,4,9
3,9,3.3392e-05,2,4
3,7,2.7629e-05,2,4
6,16,0.00010364,5,12
3,6,2.228e-05,2,4
4,8,0.000224714,3,7
5,16,7.7223e-05,4,10
5,10,3.486e-05,4,9
2,4,1.2832e-05,1,2
5,13,7.0322e-05,4,11
2,5,1.8926e-05,1,2
3,9,4.5671e-05,2,6
3,7,3.1127e-05,2,4
4,11,4.9803e-05,3,6
2,5,8.0103e-05,1,2
5,11,6.73e-05,4,10
4,8,4.544e-05,3,7
3,9,6.111e-05,2,6
4,10,6.9191e-05,3,8
2,5,0.000257128,1,3
3,7,3.7777e-05,2,5
3,7,3.4044e-05,2,5
4,10,5.365e-05,3,8
5,16,0.000115273,4,10
4,11,5.8231e-05,3,6
3,8,2.9092e-05,2,5
4,9,4.8065e-05,3,7
4,12,6.682e-05,3,8
5,15,8.148e-05,4,11
5,13,0.00022936,4,10
3,10,3.8373e-05,2,5
2,4,1.9732e-05,1,3
5,16,0.000101307,4,10
2,3,1.1342e-05,1,3
4,10,4.5378e-05,3,7
4,13,6.1964e-05,3,7
5,13,8.3215e-05,4,10
3,7,5.566e-05,2,4
6,14,8.5605e-05,5,12
6,13,6.8876e-05,5,12
4,8,4.0508e-05,3,7
3,10,3.0371e-05,2,5
3,5,1.399e-05,2,5
7,16,6.4766e-05,6,15
4,11,3.239e-05,3,7
3,5,1.3781e-05,2,4
4,12,6.3163e-05,3,9
4,12,4.3365e-05,3,8
5,15,5.654e-05,4,11
2,5,1.1568e-05,1,2
5,15,9.0332e-05,4,10
4,11,5.6832e-05,3,7
3,7,3.1454e-05,2,4
3,10,5.2804e-05,2,5
3,5,2.8792e-05,2,5
5,14,6.4503e-05,4,9
4,8,4.1904e-05,3,7
dijkstra  matrix
4,15,8.794e-05,3,8
2,5,1.5865e-05,1,2
2,4,1.0156e-05,1,2
2,5,1.2616e-05,1,3
2,4,9.975e-06,1,3
4,14,0.000512241,3,8
5,14,6.8747e-05,4,9
4,12,5.4111e-05,3,8
4,7,2.0861e-05,3,6
2,4,1.1658e-05,1,3
2,5,1.3391e-05,1,2
5,14,5.4986e-05,4,11
3,5,1.5648e-05,2,5
2,5,1.292e-05,1,2
3,10,2.7952e-05,2,5
7,16,6.4225e-05,6,15
4,9,3.2594e-05,3,7
5,16,0.000105852,4,10
5,16,0.00011241,4,10
4,12,5.6412e-05,3,7
3,10,3.6103e-05,2,4
5,15,8.1479e-05,4,10
3,6,1.7294e-05,2,4
5,13,9.9824e-05,4,9
5,13,0.000204955,4,9
5,15,9.3928e-05,4,10
2,4,1.5577e-05,1,3
3,7,2.8366e-05,2,4
3,9,4.2282e-05,2,6
3,5,2.0035e-05,2,5
4,14,5.9534e-05,3,8
6,16,7.2334e-05,5,12
5,13,4.5484e-05,4,9
6,15,7.9085e-05,5,13
4,12,0.000520112,3,7
3,8,3.2994e-05,2,6
4,7,2.3808e-05,3,6
2,4,3.0799e-05,1,3
3,7,3.9752e-05,2,4
3,10,4.4636e-05,2,4
5,13,0.000712041,4,10
6,15,0.00119259,5,13
3,6,2.6732e-05,2,4
5,16,9.1105e-05,4,10
2,4,2.6953e-05,1,3
2,4,2.025e-05,1,3
7,16,0.000335317,6,15
6,14,9.1529e-05,5,12
2,3,1.7039e-05,1,2
4,11,3.7531e-05,3,8
3,9,2.3829e-05,2,4
3,8,2.1255e-05,2,5
4,13,4.136e-05,3,7
5,15,6.092e-05,4,10
5,14,5.4838e-05,4,11
4,14,5.3889e-05,3,8
3,6,0.000347727,2,5
4,12,7.116e-05,3,9
5,12,6.6374e-05,4,10
3,6,2.7643e-05,2,5
3,7,2.7769e-05,2,5
4,12,6.1191e-05,3,7
4,10,4.4272e-05,3,6
3,5,2.5162e-05,2,5
4,12,5.9131e-05,3,7
2,4,1.9154e-05,1,3
2,5,3.5029e-05,1,3
4,10,5.543e-05,3,8
3,11,5.7788e-05,2,6
7,16,8.9487e-05,6,15
3,5,2.6106e-05,2,4
4,12,8.4672e-05,3,9
3,6,2.7087e-05,2,4
3,5,2.7163e-05,2,5
5,14,7.1576e-05,4,9
5,13,9.11e-05,4,10
2,5,3.5451e-05,1,2
4,8,4.7163e-05,3,6
4,11,5.7291e-05,3,7
3,11,0.00019711,2,6
3,7,4.2567e-05,2,5
4,8,3.2488e-05,3,7
3,8,2.1638e-05,2,5
5,13,4.895e-05,4,10
6,15,9.823e-05,5,13
6,16,5.9789e-05,5,13
3,7,1.8575e-05,2,4
2,3,6.838e-06,1,2
5,14,5.3362e-05,4,11
3,9,2.5087e-05,2,4
2,3,7.539e-06,1,3
3,8,2.9246e-05,2,5
2,4,1e-05,1,2
2,4,9.72e-06,1,2
4,10,2.9416e-05,3,7
4,7,1.8016e-05,3,7
6,16,6.7621e-05,5,12
2,3,9.345e-06,1,2
3,6,1.8364e-05,2,4
7,16,0.000108908,6,15
