nodes, nodes explored, time, distance, cost

dfs recursive  list
14,14,2.6204e-05,13,32
7,7,1.0423e-05,6,14
8,8,9.319e-06,7,17
10,10,1.7244e-05,9,25
8,8,1.0936e-05,7,19
14,14,2.4779e-05,13,32
4,4,4.038e-06,3,8
15,15,2.8441e-05,14,35
8,8,1.3087e-05,7,17
2,2,2.037e-06,1,3
14,14,3.135e-05,13,36
13,13,2.4076e-05,12,32
2,2,1.721e-06,1,3
11,11,2.1164e-05,10,23
14,14,2.0899e-05,13,33
8,8,9.669e-06,7,18
12,12,2.0296e-05,11,27
11,11,1.884e-05,10,24
4,4,3.522e-06,3,8
16,16,3.0385e-05,15,38
7,7,7.285e-06,6,16
7,7,8.562e-06,6,14
6,6,8.722e-06,5,14
9,9,1.8232e-05,8,20
14,14,3.1322e-05,13,32
10,10,1.8361e-05,9,22
15,15,3.0308e-05,14,37
3,3,3.569e-06,2,5
10,10,2.1658e-05,9,21
3,3,5.311e-06,2,5
6,6,7.907e-06,5,13
10,10,1.6256e-05,9,22
4,4,4.429e-06,3,8
9,9,2.1145e-05,8,19
3,3,5.146e-06,2,4
10,10,1.6998e-05,9,22
9,9,1.8562e-05,8,19
12,12,2.0846e-05,11,26
10,10,1.8935e-05,9,25
13,13,2.8281e-05,12,29
15,15,3.1161e-05,14,39
10,10,1.6919e-05,9,23
8,8,1.4044e-05,7,17
15,15,3.3315e-05,14,34
13,13,1.8984e-05,12,31
7,7,1.2465e-05,6,16
8,8,1.3252e-05,7,19
15,15,2.7612e-05,14,39
3,3,3.927e-06,2,6
11,11,1.9549e-05,10,23
14,14,2.6414e-05,13,32
13,13,2.2165e-05,12,30
15,15,2.7745e-05,14,38
3,3,3.969e-06,2,5
6,6,7.073e-06,5,14
7,7,1.1457e-05,6,16
5,5,5.98e-06,4,11
9,9,1.7122e-05,8,19
7,7,1.1276e-05,6,16
11,11,1.7683e-05,10,25
6,6,8.321e-06,5,14
15,15,3.1024e-05,14,38
5,5,5.059e-06,4,10
3,3,3.231e-06,2,4
9,9,9.613e-06,8,20
13,13,2.5065e-05,12,31
5,5,1.335e-05,4,10
9,9,2.0301e-05,8,21
14,14,3.0143e-05,13,32
14,14,2.865e-05,13,34
9,9,1.2677e-05,8,19
4,4,4.853e-06,3,8
16,16,3.3577e-05,15,37
8,8,1.6057e-05,7,19
11,11,1.8352e-05,10,25
4,4,5.845e-06,3,8
5,5,7.92e-06,4,9
9,9,1.4604e-05,8,21
13,13,2.2329e-05,12,29
7,7,9.501e-06,6,14
14,14,3.0389e-05,13,34
5,5,6.643e-06,4,10
7,7,7.536e-06,6,15
7,7,1.0617e-05,6,17
10,10,2.0881e-05,9,23
8,8,9.927e-06,7,17
14,14,3.0903e-05,13,34
14,14,3.6172e-05,13,31
12,12,2.342e-05,11,29
12,12,2.5845e-05,11,28
9,9,1.2811e-05,8,19
6,6,7.24e-06,5,14
16,16,2.551e-05,15,39
12,12,1.9473e-05,11,30
14,14,2.2799e-05,13,32
7,7,1.0773e-05,6,16
15,15,2.5722e-05,14,36
10,10,2.3982e-05,9,25
16,16,3.4303e-05,15,37
6,6,7.182e-06,5,14

dfs recursive  matrix
10,10,7.092e-06,9,21
9,9,6.995e-06,8,18
7,7,4.992e-06,6,15
14,14,1.0647e-05,13,31
11,11,8.424e-06,10,22
9,9,6.239e-06,8,18
2,2,2.287e-06,1,3
12,12,8.912e-06,11,26
14,14,1.0362e-05,13,32
14,14,1.1023e-05,13,30
10,10,5.992e-06,9,22
16,16,1.1966e-05,15,38
9,9,6.117e-06,8,20
5,5,2.862e-06,4,10
13,13,8.506e-06,12,30
5,5,4.694e-06,4,9
14,14,1.0931e-05,13,29
6,6,4.369e-06,5,11
15,15,9.725e-06,14,33
13,13,8.246e-06,12,27
7,7,4.326e-06,6,14
4,4,2.103e-06,3,9
3,3,2.094e-06,2,4
7,7,3.873e-06,6,16
15,15,1.464e-05,14,31
2,2,1.566e-06,1,3
13,13,9.772e-06,12,27
9,9,5.748e-06,8,21
9,9,6.111e-06,8,18
4,4,2.373e-06,3,7
10,10,6.505e-06,9,24
2,2,1.731e-06,1,3
13,13,9.563e-06,12,30
16,16,1.184e-05,15,38
14,14,1.1011e-05,13,31
10,10,6.641e-06,9,21
13,13,9.204e-06,12,29
5,5,1.3996e-05,4,11
12,12,8.205e-06,11,26
14,14,9.648e-06,13,31
10,10,7.743e-06,9,20
6,6,3.625e-06,5,12
5,5,3.011e-06,4,9
11,11,1.1454e-05,10,26
5,5,3.713e-06,4,9
11,11,1.0998e-05,10,26
12,12,7.495e-06,11,26
8,8,4.086e-06,7,16
14,14,1.0668e-05,13,29
17,17,1.2417e-05,16,38
14,14,9.71e-06,13,31
4,4,2.612e-06,3,7
4,4,2.344e-06,3,6
10,10,6.304e-06,9,22
8,8,8.925e-06,7,16
6,6,4.158e-06,5,12
3,3,3.122e-06,2,6
15,15,1.1112e-05,14,38
5,5,3.846e-06,4,10
7,7,4.515e-06,6,13
14,14,9.585e-06,13,34
5,5,3.045e-06,4,11
10,10,6.94e-06,9,21
2,2,1.769e-06,1,3
10,10,7.418e-06,9,20
9,9,4.951e-06,8,18
5,5,3.553e-06,4,9
9,9,6.421e-06,8,19
6,6,1.2926e-05,5,14
3,3,2.37e-06,2,4
3,3,2.174e-06,2,6
8,8,4.824e-06,7,18
3,3,3.069e-06,2,5
13,13,1.0072e-05,12,28
11,11,7.169e-06,10,24
9,9,6.431e-06,8,20
7,7,6.107e-06,6,16
7,7,7.62e-06,6,13
5,5,4.557e-06,4,10
10,10,6.528e-06,9,24
2,2,1.656e-06,1,3
11,11,8.122e-06,10,26
2,2,2.699e-06,1,3
6,6,4.183e-06,5,12
5,5,3.943e-06,4,9
14,14,1.132e-05,13,31
9,9,7.795e-06,8,20
10,10,7.005e-06,9,20
3,3,2.417e-06,2,5
7,7,4.135e-06,6,16
13,13,8.934e-06,12,29
6,6,4.136e-06,5,13
9,9,6.122e-06,8,20
5,5,4.845e-06,4,11
10,10,8.319e-06,9,20
15,15,1.018e-05,14,31
5,5,2.491e-06,4,10
7,7,4.24e-06,6,14
3,3,2.418e-06,2,5
14,14,1.0792e-05,13,31

dfs iterative  list
5,5,1.6294e-05,4,11
6,6,1.8069e-05,5,13
12,12,3.261e-05,11,27
2,2,6.354e-06,1,3
6,6,1.6626e-05,5,14
13,13,3.8472e-05,12,32
3,3,8.876e-06,2,5
13,13,3.3338e-05,12,30
15,15,4.5405e-05,14,35
4,4,8.253e-06,3,8
5,5,1.054e-05,4,10
8,8,2.1615e-05,7,18
9,9,1.9352e-05,8,21
14,14,3.4628e-05,13,35
13,13,3.709e-05,12,30
8,8,2.1706e-05,7,20
10,10,3.3289e-05,9,24
4,4,1.3112e-05,3,9
14,14,4.5257e-05,13,34
4,4,1.132e-05,3,7
9,9,3.6349e-05,8,22
11,11,8.8758e-05,10,25
8,8,7.8741e-05,7,17
11,11,6.4678e-05,10,25
12,12,7.9803e-05,11,31
5,5,1.4549e-05,4,10
10,10,3.4608e-05,9,22
15,15,4.6713e-05,14,34
15,15,5.0691e-05,14,35
9,9,2.547e-05,8,19
5,5,1.1898e-05,4,11
13,13,3.7041e-05,12,29
17,17,2.731e-05,16,42
14,14,4.0468e-05,13,32
13,13,3.7166e-05,12,33
15,15,3.559e-05,14,36
3,3,1.0222e-05,2,5
3,3,9.062e-06,2,5
9,9,2.1765e-05,8,22
17,17,4.124e-05,16,42
5,5,1.4532e-05,4,11
13,13,3.5844e-05,12,29
4,4,1.2144e-05,3,7
14,14,4.3624e-05,13,34
5,5,1.4557e-05,4,9
13,13,4.2002e-05,12,33
10,10,2.9627e-05,9,22
12,12,3.5773e-05,11,31
2,2,5.151e-06,1,3
11,11,3.4552e-05,10,28
7,7,2.0853e-05,6,15
3,3,1.2461e-05,2,5
14,14,4.4558e-05,13,35
2,2,1.0655e-05,1,3
11,11,3.427e-05,10,25
6,6,1.4802e-05,5,12
7,7,1.6676e-05,6,15
3,3,1.344e-05,2,6
7,7,2.4359e-05,6,17
8,8,3.7353e-05,7,17
10,10,3.4966e-05,9,22
9,9,2.8886e-05,8,20
10,10,2.998e-05,9,23
12,12,3.5881e-05,11,27
2,2,6.458e-06,1,3
10,10,3.2757e-05,9,24
13,13,4.237e-05,12,30
15,15,4.2499e-05,14,35
14,14,2.9399e-05,13,36
16,16,3.2438e-05,15,39
7,7,1.3426e-05,6,14
6,6,9.956e-06,5,13
11,11,2.3001e-05,10,23
9,9,1.834e-05,8,20
10,10,2.0309e-05,9,22
10,10,2.1988e-05,9,24
9,9,2.7092e-05,8,19
13,13,2.4608e-05,12,32
7,7,1.4714e-05,6,17
14,14,3.3818e-05,13,34
2,2,3.436e-06,1,3
10,10,2.1085e-05,9,23
6,6,1.226e-05,5,12
9,9,2.071e-05,8,20
8,8,1.3067e-05,7,19
6,6,1.1362e-05,5,11
3,3,6.634e-06,2,5
8,8,1.0936e-05,7,17
8,8,1.3854e-05,7,18
6,6,1.2905e-05,5,13
3,3,4.873e-06,2,4
16,16,2.755e-05,15,40
5,5,9.751e-06,4,9
14,14,2.7701e-05,13,33
9,9,1.6727e-05,8,19
12,12,1.8484e-05,11,29
7,7,1.0812e-05,6,17
12,12,2.9477e-05,11,28
8,8,3.179e-05,7,17
6,6,1.9191e-05,5,12

dfs iterative  matrix
15,15,2.4784e-05,14,33
12,12,1.886e-05,11,27
5,5,1.0595e-05,4,10
12,12,1.9271e-05,11,27
7,7,1.1418e-05,6,14
14,14,1.7959e-05,13,32
2,2,3.611e-06,1,3
8,8,8.223e-06,7,18
5,5,5.637e-06,4,10
4,4,5.041e-06,3,9
15,15,1.6105e-05,14,31
16,16,1.6723e-05,15,35
11,11,1.6892e-05,10,26
11,11,1.1655e-05,10,25
13,13,1.3274e-05,12,30
5,5,1.0015e-05,4,11
11,11,1.1431e-05,10,25
10,10,1.1076e-05,9,23
2,2,3.102e-06,1,3
3,3,3.904e-06,2,6
4,4,4.966e-06,3,7
5,5,1.0796e-05,4,11
2,2,3.429e-06,1,3
13,13,1.5521e-05,12,27
4,4,6.986e-06,3,9
3,3,4.526e-06,2,4
6,6,8.159e-06,5,12
3,3,6.038e-06,2,6
10,10,1.3258e-05,9,20
16,16,2.2199e-05,15,35
8,8,2.5793e-05,7,20
2,2,2.2821e-05,1,3
10,10,4.9587e-05,9,22
7,7,1.8474e-05,6,14
12,12,2.4e-05,11,26
12,12,2.4555e-05,11,28
2,2,5.836e-06,1,3
7,7,3.9339e-05,6,17
9,9,1.9118e-05,8,19
3,3,6.144e-06,2,5
5,5,1.5745e-05,4,9
7,7,1.2596e-05,6,14
12,12,1.2971e-05,11,28
6,6,6.993e-06,5,12
15,15,1.675e-05,14,33
12,12,1.713e-05,11,28
15,15,1.7723e-05,14,31
11,11,1.1636e-05,10,27
13,13,1.296e-05,12,32
11,11,1.1031e-05,10,25
5,5,5.509e-06,4,9
15,15,1.5965e-05,14,34
11,11,1.2741e-05,10,27
10,10,1.1401e-05,9,22
5,5,5.763e-06,4,10
4,4,5.627e-06,3,7
15,15,1.6721e-05,14,33
14,14,2.3397e-05,13,31
6,6,1.3503e-05,5,11
3,3,5.056e-06,2,5
4,4,6.667e-06,3,9
7,7,8.789e-06,6,14
5,5,5.751e-06,4,10
12,12,1.2633e-05,11,29
2,2,2.823e-06,1,3
4,4,4.985e-06,3,7
13,13,1.3749e-05,12,27
13,13,1.463e-05,12,27
12,12,1.2194e-05,11,26
12,12,1.1776e-05,11,28
4,4,4.119e-06,3,9
7,7,1.4315e-05,6,13
7,7,1.0584e-05,6,13
10,10,1.6488e-05,9,23
6,6,6.352e-06,5,14
4,4,4.848e-06,3,8
13,13,1.5484e-05,12,27
2,2,2.891e-06,1,3
13,13,1.3526e-05,12,29
3,3,4.493e-06,2,6
15,15,0.00755769,14,38
14,14,2.3767e-05,13,31
13,13,2.1417e-05,12,29
11,11,1.9883e-05,10,24
6,6,1.0204e-05,5,12
7,7,0.000832022,6,14
2,2,5.551e-06,1,3
3,3,7.504e-06,2,6
13,13,2.3114e-05,12,27
8,8,1.6955e-05,7,16
14,14,2.0375e-05,13,32
10,10,1.8761e-05,9,22
2,2,5.595e-06,1,3
10,10,1.5491e-05,9,22
2,2,4.669e-06,1,3
8,8,1.2887e-05,7,17
14,14,2.037e-05,13,32
15,15,2.3201e-05,14,31
4,4,6.281e-06,3,8
15,15,2.0311e-05,14,33

bfs recursive  list
3,5,1.0372e-05,2,4
3,7,1.2143e-05,2,5
4,11,1.9051e-05,3,9
4,10,1.7118e-05,3,7
4,9,1.514e-05,3,6
5,15,2.7582e-05,4,11
5,15,2.8165e-05,4,10
3,5,1.3111e-05,2,4
2,4,9.472e-06,1,3
4,13,2.5143e-05,3,7
3,5,1.0629e-05,2,5
3,6,1.2929e-05,2,6
2,2,5.307e-06,1,3
5,15,3.1135e-05,4,9
4,9,1.7501e-05,3,8
7,16,4.4377e-05,6,15
5,15,2.9593e-05,4,10
3,7,1.4494e-05,2,6
3,7,1.4235e-05,2,6
4,11,1.2905e-05,3,7
3,5,8.437e-06,2,4
3,5,7.286e-06,2,4
2,3,4.663e-06,1,2
3,10,1.2535e-05,2,5
2,2,3.043e-06,1,2
2,4,4.739e-06,1,3
2,2,3.588e-06,1,3
4,15,1.5463e-05,3,7
3,4,6.486e-06,2,4
2,2,3.313e-06,1,2
3,7,8.955e-06,2,4
3,6,7.378e-06,2,5
2,3,6.396e-06,1,3
4,12,2.2526e-05,3,8
5,13,2.9484e-05,4,10
4,9,1.8938e-05,3,8
4,14,1.8993e-05,3,8
3,8,1.069e-05,2,6
4,12,1.397e-05,3,8
6,16,2.4067e-05,5,13
6,16,3.6886e-05,5,12
4,8,1.1197e-05,3,8
2,4,5.683e-06,1,2
3,5,1.1077e-05,2,5
5,11,2.1877e-05,4,11
4,10,2.3393e-05,3,9
2,5,9.977e-06,1,2
6,15,3.6345e-05,5,12
4,12,2.4363e-05,3,8
4,12,2.9005e-05,3,7
5,16,3.6278e-05,4,10
3,11,2.0918e-05,2,5
5,14,2.685e-05,4,9
4,9,2.0514e-05,3,8
4,10,2.9066e-05,3,8
5,15,2.6731e-05,4,11
2,3,8.993e-06,1,2
4,9,1.3948e-05,3,7
3,4,7.485e-06,2,6
2,3,4.953e-06,1,2
5,14,2.0465e-05,4,9
3,6,8.34e-06,2,5
3,4,6.88e-06,2,4
4,9,1.1577e-05,3,8
2,2,3.432e-06,1,2
4,11,1.5472e-05,3,8
3,5,6.896e-06,2,5
4,9,1.3369e-05,3,8
3,11,1.2622e-05,2,5
3,10,1.145e-05,2,6
3,10,1.1413e-05,2,4
4,12,1.6744e-05,3,8
3,5,7.615e-06,2,6
3,7,9.198e-06,2,5
3,7,9.951e-06,2,4
4,12,1.71e-05,3,7
6,14,2.2786e-05,5,13
2,4,6.052e-06,1,2
3,5,7.397e-06,2,4
3,7,9.698e-06,2,6
3,6,8.52e-06,2,4
5,15,2.2126e-05,4,9
2,2,7.557e-06,1,3
5,12,1.733e-05,4,10
3,5,8.361e-06,2,5
2,3,4.6e-06,1,2
6,16,2.1834e-05,5,13
5,13,9.7259e-05,4,10
4,12,1.8444e-05,3,6
3,4,8.16e-06,2,5
4,9,1.3313e-05,3,7
5,13,0.000288216,4,10
3,7,1.3004e-05,2,5
4,14,2.8581e-05,3,8
4,12,1.946e-05,3,6
4,11,1.7209e-05,3,8
3,8,1.0371e-05,2,5
4,10,1.3435e-05,3,7
4,8,1.0372e-05,3,6
2,4,6.198e-06,1,2

bfs recursive  matrix
2,3,5.071e-06,1,2
2,4,5.72e-06,1,2
5,13,1.7066e-05,4,10
2,2,5.499e-06,1,3
4,12,1.7114e-05,3,8
4,10,1.7576e-05,3,7
2,3,7.065e-06,1,2
4,15,2.1658e-05,3,7
2,4,6.238e-06,1,3
4,15,2.0716e-05,3,7
3,6,9.146e-06,2,5
3,7,9.131e-06,2,5
5,14,1.7783e-05,4,9
2,3,5.715e-06,1,2
5,14,2.0278e-05,4,9
2,4,6.07e-06,1,3
5,13,1.8787e-05,4,9
5,11,1.4934e-05,4,9
6,14,1.9478e-05,5,12
4,16,2.1215e-05,3,8
5,13,1.7562e-05,4,10
4,9,1.1483e-05,3,7
3,8,1.005e-05,2,6
5,13,1.8328e-05,4,10
5,11,1.4561e-05,4,9
4,14,1.511e-05,3,7
3,6,7.722e-06,2,5
3,5,9.723e-06,2,5
3,9,9.989e-06,2,4
6,14,1.8653e-05,5,12
3,8,9.747e-06,2,4
4,14,1.4883e-05,3,7
3,5,6.839e-06,2,5
4,11,1.4613e-05,3,7
2,4,4.562e-06,1,3
3,6,7.229e-06,2,5
4,12,1.3001e-05,3,8
3,4,6.695e-06,2,6
3,5,7.548e-06,2,6
4,10,1.0854e-05,3,7
3,6,7.529e-06,2,5
3,6,7.34e-06,2,5
2,2,5.617e-06,1,3
6,16,2.5814e-05,5,13
5,14,1.9367e-05,4,9
4,11,1.3471e-05,3,6
2,2,3.758e-06,1,3
5,13,1.7339e-05,4,11
4,10,1.1661e-05,3,7
3,7,1.1219e-05,2,4
3,4,6.676e-06,2,6
3,5,7.742e-06,2,5
2,4,5.234e-06,1,2
5,14,1.8184e-05,4,11
2,3,4.048e-06,1,2
3,12,1.2443e-05,2,6
3,10,1.0399e-05,2,5
2,3,4.379e-06,1,2
4,9,1.1135e-05,3,7
7,16,2.3139e-05,6,15
3,8,9.428e-06,2,4
4,8,9.578e-06,3,9
3,4,9.449e-06,2,5
4,15,2.0148e-05,3,8
7,16,2.6085e-05,6,15
2,3,5.036e-06,1,3
5,16,2.1979e-05,4,10
2,4,6.371e-06,1,3
4,12,2.5765e-05,3,7
4,9,3.4569e-05,3,8
5,11,3.9291e-05,4,9
2,2,1.1228e-05,1,2
3,7,1.9384e-05,2,4
4,13,2.1122e-05,3,8
2,3,9.357e-06,1,2
4,9,1.5803e-05,3,7
4,15,3.4828e-05,3,7
7,16,2.697e-05,6,15
3,8,1.0364e-05,2,6
4,12,1.4056e-05,3,8
3,8,9.511e-06,2,6
5,16,2.297e-05,4,10
2,2,4.579e-06,1,3
4,12,1.7417e-05,3,9
3,5,8.951e-06,2,5
2,3,4.64e-06,1,2
5,13,1.7969e-05,4,11
5,15,2.0765e-05,4,10
3,5,7.463e-06,2,4
5,13,1.8039e-05,4,10
5,14,1.9868e-05,4,9
3,10,1.1574e-05,2,5
5,13,1.7676e-05,4,10
4,9,1.0176e-05,3,8
4,9,1.1983e-05,3,8
7,16,2.6186e-05,6,15
3,7,8.761e-06,2,5
3,7,9.111e-06,2,4
5,13,1.7086e-05,4,10
4,12,1.3954e-05,3,8

bfs iterative  list
3,4,7.348e-06,2,4
3,7,0.000197845,2,6
6,14,2.1343e-05,5,13
5,12,1.5301e-05,4,10
4,10,1.2638e-05,3,6
2,2,4.303e-06,1,3
3,4,5.1776e-05,2,4
3,7,7.421e-06,2,4
2,3,6.474e-06,1,2
5,13,1.9061e-05,4,11
4,10,1.2693e-05,3,8
6,14,2.1253e-05,5,13
2,3,5.697e-06,1,3
5,13,1.8765e-05,4,11
2,3,4.772e-06,1,3
4,11,1.5601e-05,3,6
4,11,1.8234e-05,3,9
3,6,1.8948e-05,2,5
4,9,3.0932e-05,3,7
2,5,2.2654e-05,1,2
2,4,1.9492e-05,1,2
4,8,2.2506e-05,3,7
3,4,1.1935e-05,2,5
4,9,3.0506e-05,3,7
4,14,0.00017615,3,8
4,10,2.134e-05,3,7
5,13,2.9959e-05,4,9
4,9,2.1106e-05,3,9
4,11,2.0274e-05,3,8
3,5,1.1225e-05,2,5
5,10,2.4135e-05,4,11
3,4,1.0171e-05,2,4
5,12,1.6163e-05,4,11
3,6,1.167e-05,2,6
5,15,3.123e-05,4,10
5,14,2.6552e-05,4,11
3,8,1.4554e-05,2,5
3,7,1.0785e-05,2,5
2,3,8.504e-06,1,2
3,6,1.21e-05,2,5
7,15,3.8153e-05,6,15
3,9,1.6105e-05,2,6
6,15,3.4886e-05,5,12
2,3,9.178e-06,1,2
3,6,9.198e-06,2,5
3,6,1.0168e-05,2,6
4,8,1.1916e-05,3,8
5,12,1.8345e-05,4,11
2,2,5.364e-06,1,2
4,8,1.1614e-05,3,8
4,9,1.7293e-05,3,9
3,9,1.2898e-05,2,5
2,2,6.71e-06,1,2
4,13,1.6617e-05,3,7
4,14,1.8705e-05,3,7
7,15,2.375e-05,6,15
4,7,1.0536e-05,3,8
3,4,8.624e-06,2,5
4,11,1.3785e-05,3,7
3,7,1.0005e-05,2,6
4,14,5.9145e-05,3,7
4,8,1.1333e-05,3,8
3,7,9.272e-06,2,5
3,11,1.24e-05,2,4
3,6,7.398e-06,2,6
2,2,6.226e-06,1,3
4,10,1.3514e-05,3,9
5,14,2.0331e-05,4,11
2,2,3.787e-06,1,3
4,8,9.164e-06,3,7
5,10,1.3572e-05,4,11
5,14,1.9073e-05,4,9
2,2,4.576e-06,1,2
4,9,1.3488e-05,3,6
5,15,2.1647e-05,4,10
2,4,5.389e-06,1,2
5,13,1.7415e-05,4,10
4,9,1.2038e-05,3,7
4,12,1.562e-05,3,8
3,6,6.453e-06,2,5
4,12,1.32e-05,3,8
5,11,1.3724e-05,4,10
4,12,1.4272e-05,3,7
2,2,3.269e-06,1,2
3,5,7.867e-06,2,4
3,10,1.0681e-05,2,6
4,12,1.308e-05,3,8
6,15,1.8873e-05,5,13
4,8,1.0506e-05,3,8
5,14,1.8347e-05,4,9
2,3,4.344e-06,1,2
2,5,5.637e-06,1,2
6,15,2.1706e-05,5,12
4,8,8.582e-06,3,8
3,8,7.441e-06,2,6
2,4,4.64e-06,1,2
2,2,3.66e-06,1,3
5,11,1.3316e-05,4,11
3,6,6.491e-06,2,5
2,4,4.458e-06,1,3

bfs iterative  matrix
6,15,2.065e-05,5,13
3,5,6.141e-06,2,5
6,13,1.7252e-05,5,12
4,8,8.465e-06,3,7
4,8,9.4e-06,3,7
3,7,6.556e-06,2,5
3,11,1.0963e-05,2,6
6,15,1.83e-05,5,12
4,9,9.677e-06,3,7
2,4,4.6e-06,1,3
2,3,4.321e-06,1,2
5,12,1.421e-05,4,10
2,4,4.419e-06,1,2
4,13,1.5321e-05,3,7
2,2,5.011e-06,1,2
4,7,9.12e-06,3,9
4,8,1.1486e-05,3,8
4,7,8.871e-06,3,6
3,7,7.053e-06,2,5
3,5,6.403e-06,2,6
3,7,7.248e-06,2,6
5,13,1.7387e-05,4,9
5,12,1.5599e-05,4,11
5,13,2.0219e-05,4,9
4,12,1.4385e-05,3,7
5,14,1.9818e-05,4,11
4,7,1.0104e-05,3,6
5,13,1.7754e-05,4,11
3,10,1.1721e-05,2,5
3,5,6.703e-06,2,6
2,2,4.745e-06,1,3
5,13,1.696e-05,4,9
4,10,1.4041e-05,3,7
4,12,1.5144e-05,3,7
6,15,2.1177e-05,5,12
3,6,7.202e-06,2,5
5,15,1.8939e-05,4,10
6,15,3.0363e-05,5,12
2,4,1.5603e-05,1,3
3,6,1.7403e-05,2,5
4,8,1.9487e-05,3,7
3,7,1.0654e-05,2,6
2,2,4.772e-06,1,3
5,12,2.2093e-05,4,10
5,14,2.8033e-05,4,11
3,6,1.2167e-05,2,5
3,7,8.483e-06,2,4
4,11,1.5503e-05,3,9
4,12,9.5164e-05,3,8
3,5,1.173e-05,2,4
2,3,1.0292e-05,1,2
2,3,7.406e-06,1,2
4,7,1.6259e-05,3,6
5,14,3.0119e-05,4,10
5,13,3.0721e-05,4,9
4,8,1.5144e-05,3,8
2,2,6.305e-06,1,3
5,13,2.3988e-05,4,9
4,7,1.5203e-05,3,9
4,10,2.0231e-05,3,8
2,2,8.147e-06,1,2
3,6,1.3701e-05,2,5
5,12,2.772e-05,4,11
5,12,2.385e-05,4,11
2,3,7.908e-06,1,2
3,6,1.1744e-05,2,4
4,7,1.3999e-05,3,6
4,13,2.6349e-05,3,8
3,4,1.0377e-05,2,4
3,7,1.3279e-05,2,5
2,3,8.433e-06,1,2
2,4,8.674e-06,1,3
3,8,1.1905e-05,2,5
4,14,1.974e-05,3,7
4,11,1.8537e-05,3,7
3,10,1.1776e-05,2,5
3,8,1.13e-05,2,6
2,2,4.565e-06,1,3
2,4,6.668e-06,1,3
4,8,1.0925e-05,3,8
3,7,9.016e-06,2,5
3,6,9.46e-06,2,4
4,9,1.3217e-05,3,9
5,14,1.8524e-05,4,10
6,13,1.7753e-05,5,13
2,2,4.049e-06,1,3
4,10,1.1998e-05,3,7
3,6,8.895e-06,2,6
3,6,3.179e-05,2,5
4,10,1.301e-05,3,8
2,2,1.1379e-05,1,3
3,8,1.0918e-05,2,4
4,11,2.5926e-05,3,8
4,8,0.000129556,3,8
2,5,1.6473e-05,1,3
2,3,1.4138e-05,1,2
4,8,5.0807e-05,3,8
4,12,1.7671e-05,3,9
4,11,1.3927e-05,3,7
5,14,1.9176e-05,4,11

a star  list
3,10,2.9502e-05,2,5
6,16,7.3652e-05,5,12
3,8,2.5292e-05,2,6
3,8,2.132e-05,2,4
5,15,5.9875e-05,4,10
3,5,1.4552e-05,2,5
3,7,2.0367e-05,2,4
4,13,4.575e-05,3,7
3,7,2.064e-05,2,5
3,8,2.4021e-05,2,6
6,14,5.5533e-05,5,12
3,8,2.7625e-05,2,6
3,8,2.6039e-05,2,6
4,8,2.5574e-05,3,6
2,4,1.0887e-05,1,3
3,5,1.4601e-05,2,4
4,15,5.7702e-05,3,8
5,14,4.8487e-05,4,9
2,4,1.0913e-05,1,3
4,11,4.9075e-05,3,7
4,12,0.000149669,3,9
2,4,2.2659e-05,1,3
6,14,6.1108e-05,5,12
2,5,1.9738e-05,1,2
4,14,6.5094e-05,3,8
5,15,6.7602e-05,4,10
3,6,2.1666e-05,2,4
5,13,5.3076e-05,4,11
4,9,4.1347e-05,3,7
5,13,6.8225e-05,4,10
4,14,0.000155119,3,8
6,15,8.0535e-05,5,13
3,7,2.17e-05,2,4
2,5,1.6139e-05,1,2
4,10,3.637e-05,3,8
2,4,1.3547e-05,1,2
7,16,6.8182e-05,6,15
5,14,6.0165e-05,4,9
4,11,4.2563e-05,3,9
5,13,4.939e-05,4,11
4,8,7.3048e-05,3,7
5,13,5.2635e-05,4,11
2,3,1.0303e-05,1,2
2,5,1.8429e-05,1,2
3,8,2.6718e-05,2,4
5,14,7.1758e-05,4,9
4,13,5.1932e-05,3,7
6,14,5.2302e-05,5,12
3,5,1.5569e-05,2,5
4,10,3.5461e-05,3,8
3,7,2.5382e-05,2,5
4,12,4.674e-05,3,9
4,15,6.4467e-05,3,8
7,16,6.5501e-05,6,15
3,6,1.5566e-05,2,4
4,15,6.2545e-05,3,8
4,11,3.6757e-05,3,9
4,10,3.4399e-05,3,9
5,15,5.7744e-05,4,11
2,4,1.1676e-05,1,2
2,4,1.0697e-05,1,2
3,8,2.6566e-05,2,6
4,12,4.2516e-05,3,8
3,8,2.0366e-05,2,4
3,5,1.3132e-05,2,5
3,10,2.5924e-05,2,5
3,7,1.8438e-05,2,4
4,11,3.423e-05,3,7
2,4,2.0258e-05,1,2
3,7,4.3407e-05,2,5
6,16,8.4118e-05,5,12
4,9,5.3964e-05,3,8
4,11,5.0421e-05,3,6
2,3,1.8122e-05,1,3
3,7,3.1187e-05,2,4
2,4,2.0546e-05,1,3
5,12,4.4686e-05,4,10
4,13,4.6137e-05,3,7
5,14,5.84e-05,4,9
3,5,1.6721e-05,2,4
3,8,2.1864e-05,2,4
4,12,5.1342e-05,3,9
3,8,2.892e-05,2,6
3,7,1.9427e-05,2,5
3,8,2.6799e-05,2,6
4,13,4.8523e-05,3,7
3,8,2.8041e-05,2,6
4,11,3.8201e-05,3,7
5,14,5.6497e-05,4,11
2,3,9.458e-06,1,3
3,8,3.0481e-05,2,6
2,3,9.369e-06,1,2
5,14,5.8636e-05,4,11
2,5,1.6129e-05,1,3
3,5,1.6518e-05,2,5
4,10,3.7154e-05,3,8
3,10,2.9686e-05,2,5
5,14,5.5426e-05,4,9
5,14,5.5588e-05,4,11
6,16,7.1434e-05,5,12

a star  matrix
3,8,2.5368e-05,2,6
3,6,1.4421e-05,2,4
4,13,4.6834e-05,3,7
2,3,8.641e-06,1,3
5,11,3.9518e-05,4,9
2,4,1.139e-05,1,2
2,4,1.0659e-05,1,2
2,4,1.0496e-05,1,2
6,16,6.5452e-05,5,13
5,13,4.8144e-05,4,10
4,11,4.4479e-05,3,8
3,6,1.7686e-05,2,4
4,10,3.8001e-05,3,8
5,14,0.000110866,4,11
5,14,6.3118e-05,4,9
5,13,5.9116e-05,4,10
3,7,2.3309e-05,2,5
4,11,5.5474e-05,3,7
3,10,3.4844e-05,2,5
5,14,5.7689e-05,4,9
4,9,3.2539e-05,3,8
2,5,1.6485e-05,1,2
4,12,4.7975e-05,3,9
3,8,2.5626e-05,2,5
3,8,3.1071e-05,2,6
4,11,4.2945e-05,3,7
2,4,1.5527e-05,1,3
3,6,1.9592e-05,2,4
3,10,2.8446e-05,2,4
5,16,0.000146259,4,10
4,12,8.5907e-05,3,8
4,14,0.000148076,3,8
6,15,6.8942e-05,5,13
3,8,3.028e-05,2,6
2,5,1.4482e-05,1,2
6,14,5.349e-05,5,12
2,4,1.0571e-05,1,3
2,4,1.0223e-05,1,2
6,16,6.4717e-05,5,13
3,10,2.5787e-05,2,5
2,3,7.749e-06,1,3
4,13,0.000295139,3,7
3,6,3.0898e-05,2,4
2,4,1.5791e-05,1,3
3,7,9.0956e-05,2,4
3,7,2.2792e-05,2,5
3,5,2.7058e-05,2,4
2,4,2.1311e-05,1,2
3,11,5.4635e-05,2,6
3,8,4.2015e-05,2,6
3,8,2.7662e-05,2,6
3,9,2.3236e-05,2,4
3,7,1.7881e-05,2,4
2,5,1.1642e-05,1,3
3,10,2.6235e-05,2,5
3,6,1.6565e-05,2,4
3,6,1.7883e-05,2,6
4,9,2.9188e-05,3,7
2,4,1.006e-05,1,2
3,5,1.3471e-05,2,5
3,6,1.5339e-05,2,4
3,10,2.6615e-05,2,5
3,8,2.5653e-05,2,6
3,8,1.9358e-05,2,4
3,7,1.7365e-05,2,4
5,15,5.8991e-05,4,10
4,10,3.4601e-05,3,9
2,5,1.1173e-05,1,2
3,8,2.2334e-05,2,6
6,16,6.1303e-05,5,13
3,7,1.7272e-05,2,5
2,4,9.355e-06,1,2
2,4,9.303e-06,1,2
5,15,5.6197e-05,4,11
2,4,9.553e-06,1,2
2,5,1.1299e-05,1,3
4,13,4.313e-05,3,7
4,11,3.1987e-05,3,6
3,5,1.2697e-05,2,5
3,5,1.1874e-05,2,4
4,9,2.7579e-05,3,7
5,15,6.1063e-05,4,10
5,15,6.1242e-05,4,10
2,4,1.0407e-05,1,3
6,16,6.8195e-05,5,12
3,11,3.4714e-05,2,6
6,16,6.2023e-05,5,13
4,11,3.4696e-05,3,7
3,8,2.7851e-05,2,6
3,6,3.3668e-05,2,4
5,14,5.4686e-05,4,11
5,15,6.5058e-05,4,10
3,7,2.0517e-05,2,5
2,3,8.458e-06,1,2
3,5,1.9083e-05,2,4
3,7,1.8009e-05,2,4
3,6,1.6983e-05,2,4
4,8,2.3948e-05,3,7
2,4,1.0107e-05,1,3
5,15,5.5643e-05,4,11

dijkstra  list
5,10,3.7972e-05,4,9
3,7,2.1908e-05,2,5
3,7,1.9895e-05,2,5
6,16,6.8812e-05,5,12
5,13,5.2756e-05,4,11
2,4,1.1204e-05,1,3
5,13,4.581e-05,4,9
2,5,1.2779e-05,1,2
6,13,4.7417e-05,5,12
3,8,2.0623e-05,2,4
3,7,2.9641e-05,2,5
4,10,4.7349e-05,3,6
4,9,5.637e-05,3,7
4,10,5.9689e-05,3,8
5,15,0.000151506,4,11
4,14,0.000102206,3,8
5,15,0.000205137,4,10
5,14,9.4523e-05,4,11
3,8,4.3489e-05,2,5
3,5,2.9573e-05,2,5
3,7,4.1375e-05,2,5
3,10,3.1987e-05,2,5
3,8,3.5547e-05,2,6
4,12,4.9231e-05,3,9
4,10,4.9384e-05,3,6
2,5,2.3713e-05,1,2
4,12,6.2151e-05,3,9
4,14,7.4042e-05,3,8
5,15,6.3674e-05,4,11
5,15,6.6314e-05,4,11
2,3,1.0325e-05,1,3
3,8,2.7651e-05,2,4
4,10,4.1641e-05,3,8
3,8,2.8358e-05,2,5
6,15,0.000133321,5,13
2,5,1.317e-05,1,2
2,3,7.432e-06,1,3
3,6,1.6039e-05,2,4
3,6,1.8547e-05,2,6
4,10,3.5006e-05,3,8
4,10,3.3935e-05,3,8
5,9,2.7364e-05,4,9
3,13,4.4177e-05,2,6
5,14,4.7785e-05,4,9
3,9,2.3525e-05,2,4
3,8,2.0245e-05,2,4
6,14,5.2649e-05,5,12
3,6,1.2959e-05,2,4
4,13,3.9999e-05,3,7
5,12,4.1499e-05,4,10
5,14,4.6973e-05,4,9
2,3,6.879e-06,1,2
5,15,5.6726e-05,4,11
2,5,1.1216e-05,1,2
3,11,3.3733e-05,2,6
3,8,1.9296e-05,2,4
4,11,3.014e-05,3,6
2,5,1.0625e-05,1,2
5,16,7.2524e-05,4,10
4,10,3.0264e-05,3,7
3,11,3.2846e-05,2,6
4,12,4.0774e-05,3,8
2,4,8.929e-06,1,3
3,7,1.7028e-05,2,5
3,7,1.8473e-05,2,5
4,12,3.9772e-05,3,8
5,11,3.4027e-05,4,10
4,11,4.093e-05,3,6
3,7,1.8661e-05,2,5
4,11,3.194e-05,3,7
4,11,3.5652e-05,3,8
5,14,5.0645e-05,4,11
5,15,5.815e-05,4,10
3,6,1.5205e-05,2,5
2,5,1.3881e-05,1,3
5,12,0.000196033,4,10
2,4,2.0398e-05,1,3
4,13,5.8333e-05,3,7
4,8,5.6109e-05,3,7
5,15,0.000181202,4,10
3,5,3.6074e-05,2,4
6,16,7.8438e-05,5,12
6,16,7.4908e-05,5,12
4,13,4.3442e-05,3,7
3,6,1.8007e-05,2,5
3,7,2.028e-05,2,5
7,16,6.8396e-05,6,15
4,9,3.3212e-05,3,7
3,7,2.0595e-05,2,4
4,13,5.2256e-05,3,9
4,11,3.9922e-05,3,8
5,14,5.6484e-05,4,11
2,4,1.2567e-05,1,2
5,12,4.3718e-05,4,10
4,12,4.0053e-05,3,7
3,10,3.074e-05,2,4
3,5,1.6399e-05,2,5
3,7,1.996e-05,2,5
5,10,3.5392e-05,4,9
4,10,3.0506e-05,3,7

dijkstra  matrix
4,10,3.4036e-05,3,8
2,5,1.3154e-05,1,2
2,4,1.0526e-05,1,2
2,5,1.2513e-05,1,3
2,5,1.2022e-05,1,3
4,11,3.8869e-05,3,8
5,13,7.3057e-05,4,9
4,11,3.8228e-05,3,8
4,7,1.967e-05,3,6
2,4,1.1031e-05,1,3
2,4,1.2264e-05,1,2
5,14,0.00012118,4,11
3,10,4.5145e-05,2,5
2,5,2.1926e-05,1,2
3,7,0.000183377,2,5
7,16,7.9907e-05,6,15
4,11,4.2108e-05,3,7
5,11,5.6162e-05,4,10
5,11,6.5231e-05,4,10
4,11,5.4684e-05,3,7
3,7,2.5436e-05,2,4
5,12,4.5186e-05,4,10
3,6,1.8318e-05,2,4
5,9,3.106e-05,4,9
5,14,5.2717e-05,4,9
5,12,4.4466e-05,4,10
2,4,1.2298e-05,1,3
3,5,1.5981e-05,2,4
3,11,3.9588e-05,2,6
3,7,2.1604e-05,2,5
4,9,3.3879e-05,3,8
6,13,4.9309e-05,5,12
5,9,3.0903e-05,4,9
6,16,7.2078e-05,5,13
4,11,4.0684e-05,3,7
3,8,3.0659e-05,2,6
4,7,2.1935e-05,3,6
2,5,1.3023e-05,1,3
3,8,2.1859e-05,2,4
3,7,2.0365e-05,2,4
5,15,6.241e-05,4,10
6,16,6.3698e-05,5,13
3,6,1.8643e-05,2,4
5,12,4.7637e-05,4,10
2,3,8.102e-06,1,3
2,3,1.3855e-05,1,3
7,16,7.436e-05,6,15
6,16,0.000109921,5,12
2,4,3.2771e-05,1,2
4,14,7.7852e-05,3,8
3,9,4.21e-05,2,4
3,7,2.3369e-05,2,5
4,8,2.6795e-05,3,7
5,13,5.0709e-05,4,10
5,15,5.8429e-05,4,11
4,10,4.7366e-05,3,8
3,10,4.1208e-05,2,5
4,11,6.4678e-05,3,9
5,15,9.123e-05,4,10
3,10,3.4476e-05,2,5
3,10,3.3537e-05,2,5
4,11,3.7921e-05,3,7
4,10,3.3381e-05,3,6
3,10,3.1229e-05,2,5
4,7,2.0193e-05,3,7
2,3,8.857e-06,1,3
2,4,1.3312e-05,1,3
4,15,0.000153087,3,8
3,9,3.7562e-05,2,6
7,16,7.463e-05,6,15
3,7,2.3621e-05,2,4
4,13,4.8644e-05,3,9
3,5,1.3781e-05,2,4
3,7,0.000164591,2,5
5,10,4.2099e-05,4,9
5,15,6.9595e-05,4,10
2,4,1.2824e-05,1,2
4,8,2.6619e-05,3,6
4,9,3.1107e-05,3,7
3,6,1.9607e-05,2,6
3,7,1.9638e-05,2,5
4,13,4.0642e-05,3,7
3,7,1.8606e-05,2,5
5,15,5.9424e-05,4,10
6,16,5.8446e-05,5,13
6,15,5.9252e-05,5,13
3,7,1.7603e-05,2,4
2,4,9.451e-06,1,2
5,15,5.4742e-05,4,11
3,9,2.1015e-05,2,4
2,4,1.0106e-05,1,3
3,10,2.6342e-05,2,5
2,5,1.198e-05,1,2
2,4,1.0987e-05,1,2
4,13,4.1034e-05,3,7
4,12,3.8341e-05,3,7
6,14,5.1326e-05,5,12
2,4,1.1653e-05,1,2
3,6,1.6064e-05,2,4
7,16,6.5531e-05,6,15



