7442
2707
8372
9814
6030
4345
3205
961
9447
8904
2069
1554
8471
8837
4861
9578
7986
5566
7734
120
27
1872
4206
8862
9228
9831
9839
9022
8296
9058
9658
327
7945
8343
5869
3484
3489
1495
6392
3174
2816
1257
5134
4234
1512
3500
9795
2649
6261
3677
1261
9669
1050
1321
6187
2272
8893
1883
6233
213
3248
9221
5475
2126
85
8350
8651
5264
4688
7593
4980
3340
5487
7528
5083
1954
5333
1180
5649
6100
6048
396
4990
4568
1306
3589
9066
8798
6184
361
7038
2949
1508
9695
581
2973
3933
211
74
3204
6626
4593
7606
2854
2423
1497
7783
68
7230
7232
9756
4083
2452
2799
6344
6473
4543
9126
9628
2542
517
4948
9245
3847
8230
5294
7048
6426
8073
5129
4313
4949
3598
9316
4137
5019
8848
704
6857
4879
6313
6854
4970
9497
9164
5425
2653
3480
3571
5235
3246
712
5112
128
1247
8322
1484
5409
577
9762
9016
6092
4091
5664
2461
6714
1114
3233
8706
5520
4180
8170
7970
4273
2010
2259
6610
5072
8618
8235
3651
8492
9873
526
6208
4909
7615
5211
8098
697
4592
4079
5738
2795
1994
8162
8443
718
3001
5218
7329
7207
8384
6337
5413
9364
846
1212
6307
2181
3288
5183
9177
4188
9257
5297
8305
3350
5769
1577
6403
1767
6454
7231
5558
8299
1342
1733
8411
6149
6025
5663
2417
2099
19
919
5996
6060
4761
9790
2928
9779
5012
1033
5007
255
4066
9650
4059
8290
9422
2838
8005
6103
5989
7674
2998
6677
8069
4094
8396
4368
367
6443
4122
5259
7465
5640
3176
4420
5190
4404
2434
6723
1910
6830
8192
2725
8364
9224
4252
1372
1529
2415
1255
3014
3934
3511
808
2264
8621
3398
9077
3906
5519
8914
5270
618
3299
5014
1557
3661
6165
1761
2055
3167
7543
6824
2750
4544
334
4540
2394
9287
7946
5066
3971
6632
5966
7505
6620
6061
4263
8713
5523
5065
6930
7159
6595
9970
1605
243
4829
584
4077
2951
3152
1297
8135
5774
8549
9291
8540
2058
5945
2642
5440
6908
8015
8916
428
6529
471
6795
2641
4431
1548
7807
609
6842
2820
1026
1589
5381
7995
2656
8823
5891
95
2411
9329
2342
6402
4239
7553
1060
634
6782
5509
7556
6494
464
9003
299
8212
7043
8240
1001
2693
2195
9284
1142
5583
1787
2078
17
8306
1785
1042
5864
888
1858
3536
3857
3211
3160
1141
6987
3956
9510
9413
9398
4727
7711
3374
4796
1230
7663
7784
3515
3963
3909
9861
9788
6936
8683
827
753
8803
4774
1595
6519
6231
3325
4061
4810
9265
3462
1109
9143
7549
9033
8579
5039
155
824
6924
1975
5790
5515
9564
5511
8132
1979
3716
177
3856
7918
8790
8081
9741
9964
9509
3755
2902
5721
9577
3219
2481
311
972
3876
3023
7088
6688
4946
4065
6561
8187
9586
3682
5286
5503
5796
4757
795
589
1920
994
186
233
7917
6941
9402
8163
6489
735
2797
7646
2552
3196
4545
9421
7732
8228
7075
4424
411
9241
6500
9621
353
3353
5914
5947
4981
756
9024
9514
9602
8537
5834
8142
8763
1613
5058
3767
3996
1694
2745
6143
9100
6892
4198
9163
6879
152
1315
5733
7958
4608
1718
6983
398
6565
5510
4865
84
4448
3163
8888
3418
5094
4373
6468
5850
3328
58
9475
9532
3683
8822
1587
5627
4166
4052
6241
4737
6513
6674
9055
1375
1496
2214
4418
7684
4223
5025
5076
408
9864
6356
3946
7258
3925
8284
4190
763
9013
6554
9723
9322
6234
8196
2814
1101
8573
3399
3955
837
3686
4638
8453
200
3923
6499
9356
2604
4080
6885
2076
2759
604
3493
6860
8879
9223
5645
8493
9415
9139
4044
3921
6917
6851
9998
4526
610
6123
4912
7752
8476
5773
7460
9825
5888
1717
2531
9588
7862
5816
9303
7495
1552
7080
8615
6752
9494
3031
4227
5407
5598
9726
9034
1352
2533
9548
9374
1140
4636
6136
305
1331
4952
7624
877
9411
4922
6406
5806
465
1401
7141
8083
2700
7429
5307
5227
245
2558
8345
5314
6644
5959
5231
6486
8431
1061
3722
5805
1950
4437
6427
2136
5704
6263
4655
8080
9888
5647
1693
3306
8270
1871
3792
6075
8031
4331
1905
5353
7451
8496
3346
7623
399
5764
628
5164
6528
8469
5152
8418
7362
4616
440
3274
1886
5610
4973
702
8403
8292
1030
873
9933
2282
8640
5826
799
5149
4204
2359
7274
6630
5809
8800
6980
24
7655
2402
7985
792
6840
9183
8416
2083
3572
4869
3253
7790
1674
2647
3208
8541
7817
3777
8941
4076
5355
768
9367
9513
6733
7255
4299
5833
2632
2912
8624
5657
685
2466
3968
6130
8531
6578
9940
8851
4794
6417
5937
3365
7340
8414
3535
647
1519
8216
9165
9872
5786
1378
4143
5811
1115
5678
3202
8511
189
5665
4758
2085
3587
3601
4625
8658
6971
2150
6287
7357
8895
1662
1117
6156
4925
4780
2050
9443
262
8625
2994
7170
2177
1900
4760
2877
1479
5099
8943
485
153
3507
3115
2154
5597
2695
4078
1502
5449
7251
7801
7652
5067
9857
7837
6474
8217
8690
8875
848
944
9838
5485
5890
7962
6720
5858
8011
506
8708
930
8877
9894
5968
9508
1566
1441
7490
3207
4717
8598
2764
7587
4804
7190
7840
4364
3391
9161
4264
3303
3710
5963
5117
9567
6391
1914
5345
3783
9046
6639
2599
5050
1220
5591
8105
2383
2648
3803
9948
2667
1452
7454
7129
7209
5352
3882
6540
1689
8975
7966
3513
4047
7311
864
5680
2514
7584
6372
2723
9388
3137
3704
7637
5379
492
4325
4012
6984
5522
5115
993
8797
6327
8117
3627
7458
423
7582
4416
2832
8727
4136
3479
760
4898
549
2117
1734
5288
9045
5302
6532
7643
4632
3806
4132
2789
8282
5740
3750
1740
2756
7409
6907
5981
5384
8852
7825
8722
7907
9466
3363
1938
6753
8455
6831
5006
1102
1653
1895
8410
26
8710
4328
5097
8807
5912
4125
3959
8336
4883
9379
1147
5957
6444
8670
8565
6886
488
258
6013
8804
9730
3868
8358
9262
6631
2138
2783
2791
3625
9693
3106
4900
9772
7940
8209
7725
4392
693
2668
9677
1677
5171
1264
7605
3839
2311
8856
9667
4977
363
2441
7273
7206
7526
6590
6465
969
1082
6683
1669
6645
4937
4282
3460
1982
3840
5928
3974
4070
7723
6437
7594
8400
6750
9924
7083
2155
2053
3093
4710
3404
9440
1279
6643
2323
1865
4322
9870
5161
4444
7511
250
1611
1711
7793
8965
9694
4457
5454
1695
1027
6071
3793
3038
6981
941
6364
1211
7961
5844
9798
8054
9075
53
4969
1510
9724
9541
2770
4595
5416
5780
2776
6652
1482
9394
3347
7120
6970
9212
102
6865
8538
6361
561
392
1993
6684
2610
4966
298
1048
8789
4464
2961
6219
9928
3292
6043
3518
7873
6311
412
7930
1345
6585
6685
7718
1817
8705
7997
497
7324
8101
7905
7580
7931
5840
9760
3993
9392
1031
4332
7975
3633
7437
2119
5446
6997
4406
8242
2298
141
7576
3442
8817
8732
9758
2966
6023
7146
9908
2034
2331
5863
1980
7199
8412
83
5920
3429
2001
8255
5281
3380
6038
1687
7568
7363
9767
9808
9279
8759
6173
9555
3006
4281
1970
7122
7405
5815
5883
9562
6929
8506
4923
5476
6284
459
8516
9718
8367
7685
3641
9845
7741
7979
4347
6242
3763
8715
5674
1379
9563
5195
9617
1191
4147
5572
6408
2319
3469
9557
8653
9453
1300
803
5580
4790
9675
7417
9878
4446
384
6546
723
5936
539
2337
9031
6510
7486
1559
8608
5068
7163
3450
8744
1571
453
3949
4051
4862
1017
6389
287
9580
288
171
7057
2556
858
9633
728
9471
1550
6962
3284
4302
8060
2400
2199
2351
4359
5574
3320
1210
4041
6696
3063
3349
3147
7248
9088
3111
7828
5856
6571
6072
9159
7885
9668
4702
3266
4031
9601
2860
3570
1223
3711
6790
3367
8776
5568
5778
7127
3855
8226
2529
9149
791
4805
1487
6530
8634
6531
5501
6012
9420
6279
8911
6829
8458
7866
9044
4697
1522
9312
6467
9098
2456
4203
1440
452
7857
7878
8303
1420
4394
2704
5695
3508
9805
4003
5754
7830
2100
1068
8906
4940
8355
268
8527
3100
5528
7595
7996
3236
8484
4230
6078
5178
6091
8208
8639
5735
732
7158
3591
7748
3582
8047
2200
542
9817
8482
2303
8368
9464
9323
4056
2804
6664
2027
1856
9916
9783
7469
4696
8887
5103
4730
3935
4786
9533
5373
3771
3405
2492
4413
3140
5277
1153
8890
8707
3146
2959
5961
5389
6166
182
3132
3314
6148
4110
7
2805
9321
3498
9744
9981
4874
4676
9042
7494
8111
3252
1055
2310
9090
3999
9782
424
9568
4767
8113
8107
1843
2551
8947
5469
748
2561
2397
6979
6978
7388
903
2052
950
7302
8329
6911
3938
2808
4069
3561
3590
3171
4759
5752
9184
6054
9680
9243
2866
1648
1881
6512
7973
3799
3585
2588
2171
4546
7889
560
862
1493
7665
7103
134
6108
7227
9907
1783
2674
641
2619
4582
8917
696
3920
4341
6867
1408
178
4657
9308
4258
9491
28
1892
2594
6198
2559
1099
6792
7031
7359
9138
522
7179
7467
7042
104
6700
973
8165
5364
7705
4504
694
9286
3858
9259
8013
6887
7389
5372
4327
7331
5842
6671
2491
9896
713
9785
3215
2890
4823
4215
6607
7360
4092
1852
9912
2511
9868
9640
7266
3781
8806
4254
4134
130
1316
6663
1407
4701
3602
3640
9029
8514
212
2248
271
9955
7256
2545
3046
8874
7530
1076
6449
9842
8146
4983
4864
4367
9426
7614
309
295
6418
3558
6716
5494
5234
8039
3047
6633
6193
8526
5770
6798
2923
6226
455
5717
3345
7395
910
1105
349
9529
1391
416
1158
4650
3079
6451
5688
4978
8272
5792
3003
8542
3477
5393
4611
5978
326
225
4725
9799
2631
5821
7373
9625
7703
236
2680
2669
111
574
1070
1161
7473
7575
8251
7875
8860
5632
9644
6255
2687
7351
2131
202
3738
5342
6119
4640
9889
9368
6944
9346
7839
2637
410
3086
9130
1047
4482
3372
3638
4459
6937
6656
4631
1094
1478
9983
8842
815
932
9198
3090
5606
2012
5986
1818
8378
3110
3895
8831
1499
600
4189
7139
3583
7738
292
3403
5819
7439
6622
5461
3467
8632
3277
2993
1942
72
3986
286
5972
9480
4318
860
7816
5089
2885
5930
7004
2946
2472
3867
9585
4489
3078
5316
6895
3461
4291
8377
3932
5269
5854
6740
2102
3976
4832
5761
5514
4618
3005
2021
8995
645
3384
1727
7648
8003
1618
3407
1935
2748
9032
1657
9584
2850
9573
6116
8777
2532
1366
8964
8254
5756
4955
2268
6339
180
3088
4157
3937
3382
9025
5090
337
1678
2881
9579
9404
7349
6871
4388
1256
1369
8721
6928
4878
4841
4771
776
6236
2478
3542
6507
9613
3342
7826
9700
1599
4724
6232
7398
2160
6913
5131
3035
6844
188
1650
3924
6888
1123
2584
3141
2538
1915
7765
8739
2182
9590
8998
5579
7642
537
4037
1793
7072
507
3098
3182
4021
7774
2509
6965
9904
4553
9473
2629
6906
606
1083
256
5910
9624
745
6611
7891
3700
1731
2422
1609
8846
8161
1037
540
9716
5146
9369
6940
4045
4451
4685
1442
8691
3096
2525
166
6152
4196
8591
278
8426
1997
9145
6104
9074
6373
3339
5552
5017
9558
3967
5785
6889
4736
7554
1025
5274
220
253
3520
4172
4851
7776
7992
9858
145
9751
1462
637
764
7215
7119
3776
7406
1875
2989
1531
7498
2463
1084
2037
9690
1227
6523
237
4182
2864
2982
8019
2315
586
3262
2218
7686
3547
2134
4212
9239
3476
6533
649
4144
632
3654
918
8049
2495
6305
3966
8084
2896
3772
7259
4750
3048
4391
1983
7879
5613
6266
909
4271
8319
5759
269
6893
7422
6042
3192
1022
6629
8145
241
7603
2151
195
3375
3341
6761
7282
7365
170
3440
7095
7077
3559
643
8559
5423
5174
8767
7130
9931
1024
5755
1453
5843
4249
3127
7493
4251
9157
6318
6441
157
2910
4812
1064
8957
4895
9385
8233
2401
9973
4700
4535
3994
3798
3713
6655
9982
9618
7041
1854
5866
5639
5953
7275
2033
8126
1704
5621
9309
1839
9129
2330
2938
54
9653
9435
374
2983
8770
9991
5502
2374
4555
3879
1779
6695
4255
227
3842
3392
8004
9416
5215
9361
3264
6558
1628
4010
5466
5672
7020
2911
6196
6783
8029
4389
8699
4088
4656
4884
12
9122
8576
1418
8785
5750
4354
4275
1523
31
7281
4834
4442
9220
9689
2005
1906
6704
3504
2917
5944
8993
4516
9113
2314
3036
1516
9382
9634
1003
7750
2356
319
8952
9589
8382
6457
4934
3899
5133
6527
7078
1426
691
6101
9753
4612
6164
5435
4726
5493
9984
8569
5564
1840
8509
1705
1511
5686
2345
176
8468
4919
5962
9793
3597
9682
4908
1525
2009
9021
7812
8020
13
9517
531
2606
851
6920
1015
4375
4988
9108
6301
1826
2236
3249
1930
8536
8657
4289
3984
9581
4023
4346
1857
9281
3930
6056
207
4896
6668
6731
8390
7226
6286
5320
4262
2924
2626
8018
4753
7463
5465
4480
3960
4039
2320
3161
1757
9302
9005
9095
4666
9784
3304
1178
9905
4630
5150
1500
3754
5880
7371
4303
9519
67
871
6787
8813
7306
5941
5741
3056
4935
318
2240
6455
9684
6853
8731
2562
3701
4806
2040
9611
3580
240
4384
8026
3675
9891
6575
1908
2054
4363
2489
4111
7333
1723
7832
1177
749
8155
9771
5533
5212
2121
6559
7693
4599
4153
7819
7397
9376
4253
7926
4868
7238
4290
4090
9472
6347
5651
4497
6216
3154
41
1971
5808
5882
9006
2659
1290
1848
7980
1763
967
2251
3481
9615
9263
8158
7800
7029
3811
5428
7098
8907
7860
2560
2095
933
9527
9935
7880
8149
8483
2237
4127
4828
4236
92
4986
2352
7795
8139
1125
5238
3721
9786
1688
7691
1164
9681
2809
3928
5699
6195
9720
9007
6456
4968
3343
5668
7024
4334
7198
4573
9202
5369
2225
1919
1355
5810
2676
39
7377
1393
6973
1186
7647
6955
7358
4323
3952
7037
2763
3055
8902
4468
5737
9185
5077
265
2661
2070
868
3361
8386
2292
4583
7392
7896
9913
2220
8058
4200
7286
6039
3845
5399
2419
7687
2128
9246
71
543
9406
6482
3524
5009
8923
3245
5350
5593
1940
2082
9089
3269
7688
4514
9711
3020
7449
2771
9959
4496
8685
5396
3707
2833
1712
4835
692
639
6122
1961
8413
9804
2817
4232
7673
5085
2974
6878
8553
7019
9053
4713
4653
8669
487
160
9521
4743
7978
4687
9520
1896
8335
7050
4265
6159
5216
304
1581
3058
4365
6909
5870
9949
6843
3695
695
1796
817
1166
2711
429
2976
5295
945
8262
9721
5329
4996
3172
6142
1222
2658
1681
427
5725
1328
719
8203
5191
5560
796
9409
1933
2586
4838
6088
3295
2690
6262
9237
9417
2549
4721
1134
9836
6137
3267
9778
106
730
7727
616
7236
3138
2988
8551
2500
6066
9843
1396
7731
7927
9993
2073
3432
690
908
8834
2504
3289
9737
7923
9489
6586
2376
7868
4171
6210
4146
9076
9728
7335
5450
891
8118
7071
2425
8649
280
407
9649
2601
7987
746
3225
1494
6826
5203
8222
4995
4030
2249
3397
2822
8671
7789
510
5468
3426
3150
8672
2806
3352
1010
3874
8782
8628
5630
1374
8850
990
1981
1196
4407
1838
1860
2636
96
7510
3071
5474
7086
2778
8712
4530
2145
5456
2895
9470
2841
6991
6462
2863
813
9630
7191
1963
8406
5745
7491
5654
1622
7168
2051
5586
4229
8594
7424
2332
6217
146
1457
7347
682
8224
5118
8002
8363
5557
7781
8183
4250
1245
7214
6617
2343
653
282
5102
2424
7659
4744
9086
2322
9923
6660
1722
4121
7560
2484
2233
869
5439
4309
4465
7618
5328
8520
8074
9162
4574
7715
8505
3406
6036
2908
6436
4882
4104
4118
7942
1946
7758
2234
1509
4956
6170
6484
66
483
974
219
4646
9705
9319
7563
9430
4769
7294
3068
4159
4191
566
2893
2834
1074
8298
149
8960
1891
9852
7604
789
9560
661
2197
4176
9131
7001
8261
615
2621
6230
4712
7855
8504
2547
1692
7352
2241
247
5561
8966
9582
7859
5860
883
1877
2633
8821
6375
208
6931
3693
1287
9118
7195
3012
5251
4731
9452
742
5992
4549
2336
2932
4872
76
6881
6082
7884
7448
8581
9280
6648
7564
7794
9004
2508
593
7350
9975
7555
8356
2018
7516
8958
821
1412
3523
4651
8423
588
385
5829
462
3283
7771
4022
758
9101
3945
7893
5779
6969
2211
7428
675
5054
2918
4268
7779
7518
8616
1635
9547
4665
9418
5055
5028
6504
101
4992
7924
8519
2339
7742
6833
9909
2455
7134
4381
1051
6215
657
6147
9436
1108
2163
580
6336
7368
5696
769
7982
2169
5681
8360
4942
2541
8620
3238
1504
7145
2615
7974
5592
7015
6599
7936
5246
7447
2735
1208
2858
4257
3497
8332
1098
3117
7791
3081
8141
1976
1477
6188
8614
8518
5462
7456
4844
5922
2328
9745
771
187
4002
6902
63
5881
2510
6618
8223
567
8845
9895
2513
8490
5569
4500
7846
8652
1732
7662
4959
6317
3373
614
2919
2295
9167
3528
2388
491
4777
4194
116
9427
4671
9274
7414
654
140
6672
9461
9229
8613
3940
6587
8371
1490
9127
7402
7845
8780
3618
4139
832
948
3534
4914
9037
4817
1144
3237
2060
6734
6410
2254
7056
300
6229
8307
3841
6179
9874
1311
5708
1936
1654
5410
5857
8287
8563
7627
5798
289
3939
4890
7468
3680
5173
1556
6919
6346
3724
4336
2346
6949
709
7820
3064
1570
3013
4025
103
4837
6551
2098
9768
4972
7224
9939
9746
6898
902
8204
3210
9570
1339
5420
2316
6370
441
1709
3773
7169
1700
9318
7228
8136
7704
2389
4596
169
9885
4073
5969
9688
4100
3703
935
2794
8525
3416
4419
4813
8622
4507
2892
9125
6259
377
1656
6357
3268
210
7344
1534
5242
9739
1988
2958
1254
2909
8339
1087
1588
2186
418
8374
4105
6514
4598
1771
9963
5701
8642
8311
2038
7559
6342
1831
3499
5232
7000
9168
4298
8394
1808
7534
8342
7919
9703
1294
5460
9813
6162
5109
7069
4965
8972
7489
8510
8446
8805
3050
899
3073
3670
7625
5982
2062
1969
3553
1271
4722
5667
5382
8561
8191
626
8571
8295
2442
4663
9663
8996
5614
7121
226
9637
2063
47
9725
636
123
7161
3436
1137
3420
2159
7702
3344
8743
7484
857
3594
3109
6314
9116
6903
1399
7073
9026
2743
5221
4863
7017
7375
3784
5895
8264
793
9124
6557
5628
3865
9313
7515
2187
7262
9386
2091
4772
3880
4425
6735
726
1421
1192
1078
9226
6319
1667
1804
9407
1485
7852
8259
6730
1016
1229
1684
3727
6334
9278
656
1953
8419
1081
5124
6774
7423
7106
8267
1377
6597
3120
6384
7082
6316
1046
8123
8082
8441
4894
1034
3019
7438
6726
2688
5979
9765
7589
8521
5278
5098
6105
150
9736
5521
1770
816
2611
8494
3121
223
8891
2398
7051
3424
7408
3457
7318
4847
1480
6299
6016
7739
9476
8967
7205
6535
4987
2255
3075
2105
5908
14
4426
372
7239
425
7229
4960
9410
4886
2459
3386
781
2728
991
8273
850
6192
8704
9092
62
402
4126
8547
5261
8819
8188
6818
4528
968
5263
7312
8405
4933
6836
2894
701
5676
4370
7220
7546
6114
9454
6658
5896
132
1
1795
467
9990
7904
458
714
4552
3998
912
2300
5789
5838
3494
3778
6183
4476
2221
5230
8786
1359
9348
2045
4885
7317
3408
8122
7165
5714
7670
1194
5122
4371
6304
8439
6603
45
9827
4904
8425
8043
2071
8929
3402
9320
7321
9632
9317
8341
259
4405
1080
2874
1461
2644
5849
4814
3474
1810
1561
3922
9643
3663
3401
5536
8143
9818
2408
7864
3756
6899
8231
2270
7745
8309
8202
463
2208
6746
3573
6768
8970
4169
98
5987
93
1225
3936
4026
6131
2002
863
572
1958
335
1309
8982
8566
267
3030
5578
4106
297
7972
6986
4170
6942
7508
1008
8761
5915
1423
7630
4004
1819
630
6998
9890
6601
8908
1842
3144
6161
5337
8178
6646
5490
443
9110
9482
9714
8865
3258
8115
8692
8108
8839
1806
4101
3116
3421
9072
2684
3259
4733
2485
6303
8055
6256
7018
7547
802
996
7695
7609
1547
69
7396
9060
6549
3362
3376
895
2486
2497
2246
627
8096
6291
8044
1841
9559
2029
1053
431
6820
6267
9288
5958
6453
3981
3788
2454
3596
8772
8695
2284
9651
4096
5361
7265
4911
8109
2081
4867
7654
3468
9119
6440
2563
6422
100
2372
3652
6227
1754
7871
4009
5044
1701
5716
6968
1583
3913
6506
3456
7391
6053
4910
8645
557
9401
5539
9230
1794
7601
897
2235
4141
2947
956
4807
5443
35
8239
6289
1104
4411
4673
5545
4765
7288
9938
2184
7478
5406
4430
598
7244
4421
2678
8174
6665
1999
7293
4508
370
322
6812
2614
4588
302
143
9794
264
6341
4033
2113
884
4505
391
5018
8466
3599
1836
4401
9609
3753
193
7600
673
2110
8552
4628
7337
5726
6308
1668
2843
558
4518
3574
3789
7210
9876
9652
6345
6711
4382
6994
5096
9290
518
3626
1449
4443
6946
91
4811
5751
3052
7353
8266
7984
2426
6838
6776
5359
2740
9389
1699
8369
7571
4672
8401
7590
2526
6923
9002
6810
516
5776
5430
9980
454
4098
957
3890
984
5127
4472
4352
3983
5317
8646
5919
7154
874
2238
7279
2205
9851
2785
9371
2769
6414
6439
5795
6121
6485
9915
7929
4734
2440
484
1251
468
1624
1302
8186
7944
3992
7235
954
5952
1233
7061
4690
499
4565
364
2125
6472
1299
9188
5775
8750
1357
1748
4218
3212
562
1869
2689
4558
5602
4723
3318
1402
2407
6343
4740
8395
43
1724
3437
2496
2086
306
5596
7519
9136
8794
2031
1791
4693
6146
2698
6213
5692
9403
3276
9731
3313
9738
6712
122
5084
2916
2416
3359
646
6662
6431
4128
8052
246
4580
1113
1536
6081
5285
239
5731
2846
1167
8006
479
4222
3965
3723
6989
5398
2448
9670
8500
494
3825
272
8330
3962
9733
7413
7289
8802
4429
3449
5120
4374
7096
1195
1544
4800
2685
4205
3733
7182
3475
5879
5148
4042
7814
7507
6022
2710
78
5595
1330
5411
6657
7147
8548
2650
5047
1187
5367
3441
6624
6040
3948
3606
5386
5853
679
9971
4292
1532
1354
7336
6536
8697
2306
5219
6037
6524
8928
10000
5913
1406
9238
6538
2779
9747
1269
3037
6218
5165
4850
4043
2900
9822
6670
2968
229
2524
1802
3302
7811
7322
1627
4962
9211
9115
6863
4074
2995
2997
1972
4477
942
2518
3131
1707
6014
3433
8035
7901
3747
6190
8820
5689
2361
7022
5092
7719
2224
5491
8836
6204
2829
2818
8698
1792
7523
9419
6999
3851
3356
2625
4060
312
9701
7003
905
4799
4892
7658
1438
1021
9887
6580
9647
5145
1947
159
595
4967
9179
7822
5859
3902
3544
2041
336
6775
6421
7656
5184
9292
1608
2334
3885
6350
4102
9014
986
9142
8474
1062
1157
2403
7047
8513
8557
9000
6541
9222
7181
7983
8036
2439
2140
2262
1807
7111
8061
2732
2557
1214
249
9399
6939
8452
8225
8517
1011
4607
2646
8501
6029
4326
4040
5308
8681
4707
3447
3726
8388
2088
1415
4428
2737
9105
6214
2308
6823
3286
3861
3785
8027
4319
9012
4751
6780
9877
4808
2044
3786
8711
9554
7651
197
6841
9363
9267
6537
7645
5662
914
7249
7969
777
6282
2473
7952
1242
2189
7407
1156
7876
9860
8237
3929
4038
8179
8323
689
4527
3519
221
7698
8280
7932
420
3148
5418
5056
9432
5871
1436
7400
6719
3673
6080
5830
7320
7591
9832
2679
2540
6491
2914
7909
7385
6020
6000
4976
6476
9186
1059
4999
8404
7173
8157
2617
6125
7108
1106
7506
6975
4187
3033
8017
9550
7247
3197
3103
8321
6976
8905
8253
2720
6177
9528
6816
6134
2432
3485
6709
3200
2291
3453
5335
9763
6471
5581
5433
2023
5033
931
8090
8677
3488
7016
570
4449
1298
9217
3914
1816
4463
3145
6094
4348
7426
5403
9553
5620
8855
4064
7479
7503
6699
2755
2519
383
1957
4975
8883
7610
6178
596
9493
820
8479
6326
6769
8796
3015
6300
9844
3446
4494
3381
3527
7267
9697
2856
3862
4385
7245
1063
1847
3491
3165
1888
7342
2049
8830
5837
2438
887
6001
5707
88
6191
9796
1135
6268
9173
6310
415
7633
5931
9757
975
301
294
1851
2718
4644
3128
7067
9522
2120
6172
575
6904
7700
9841
3565
437
6589
2191
752
2244
3787
8593
5650
9041
446
5020
4417
1579
9438
3873
705
9078
6383
5121
7577
5626
1439
2760
6673
9821
6680
2672
5262
667
9791
5505
109
1363
1505
7649
9424
1217
7500
9334
9234
4624
8057
2190
7586
3164
2501
1246
6785
1867
8119
2344
4682
7965
9901
7464
445
3105
3538
3728
3099
9486
3532
1335
8896
2622
1107
2271
204
3355
1100
1789
6144
162
86
154
350
356
2570
1604
8656
3802
5408
314
6883
3556
3191
1139
6206
4436
2338
1176
1984
4953
1777
7935
5884
6966
158
4926
2569
5022
7744
3889
1929
890
1663
721
2787
7788
5526
8130
1286
1941
6681
9189
4533
8097
2329
5702
5682
4537
4853
5445
2986
674
9698
5395
3751
619
8912
7326
6200
4414
9396
5366
9672
1934
6290
7620
4945
3254
528
7225
2913
6265
6223
4119
2148
1258
2882
5197
196
1913
3886
263
9699
4112
8602
569
3563
9481
97
3220
4570
3645
5970
3653
4584
4698
6325
6409
2206
8195
2487
3530
1281
2279
9540
4140
6698
5513
6017
2597
617
2520
529
527
7290
4609
7150
5703
478
3824
6921
8940
4836
7305
3157
5081
2216
3218
936
2830
5458
7950
1744
5643
2940
7339
2603
9166
9719
4637
8072
3393
8988
8939
4684
328
652
8313
3168
2096
2602
8373
9258
7140
1344
5301
4427
1713
612
6727
3377
1465
3827
5646
7951
5107
7026
6569
9043
8973
8774
5852
3285
1226
7676
8994
6379
5822
5497
2
2280
4993
2869
6293
2285
545
7204
6063
1205
9687
1829
2859
1185
8007
2792
2257
9627
9561
6321
5918
2326
4300
7435
4523
2431
6145
5757
4387
2384
8745
3224
4781
7316
9114
8302
9128
1314
3719
4858
4315
4270
5616
5275
4605
5376
806
921
7941
623
3483
6938
8459
9815
946
8053
9010
2348
6141
6102
6387
2694
8133
4662
5897
5119
3465
7471
6067
1902
852
8066
7838
8738
1373
7156
1266
4683
2645
469
999
703
1038
3002
3217
8938
3660
4162
3062
7330
7537
9097
3696
4165
3114
6003
6882
1240
8701
1658
3445
7112
1974
3864
8010
2826
7707
2591
1182
4376
4815
7724
951
2015
5400
4438
7309
4907
2663
7856
4296
3815
2872
6348
470
9341
6868
6430
6112
5846
8283
7522
8984
4284
9182
1013
194
3831
6320
3151
681
2390
2327
2420
6747
913
4557
2583
3893
3743
7341
9073
2366
794
7721
3113
4150
2762
8977
4677
417
8673
8327
6246
50
655
2457
662
4117
2059
8366
3525
325
9534
8784
576
3684
1435
7798
7203
8134
6377
8728
3637
1433
129
315
6470
530
9431
5498
1835
218
898
1574
8189
5713
4773
6596
2875
6556
2230
5176
4484
9754
8936
8310
9664
720
6832
5105
8747
502
9899
3657
5892
2130
6008
4294
7874
9565
1174
831
5576
9918
3317
4237
2978
6910
8867
2741
9883
2861
7521
8257
1927
1825
5541
6950
2020
686
5336
8159
3293
5311
3736
3331
592
1000
4386
5625
4854
9429
1630
3072
3332
6340
8980
2405
7525
8046
6943
2024
3334
6651
934
9660
5217
1939
1812
9639
1295
8869
6849
4057
9966
1276
8815
3950
3125
9702
7611
743
1745
7829
168
7485
9847
7013
4447
2566
9380
2939
8679
5748
2019
1646
2451
8864
8354
9812
1585
3985
9962
6496
6401
4954
7488
3502
7844
5414
8676
6856
3448
1032
5126
6278
1035
2969
5093
9846
3632
355
953
3024
1990
3647
4485
2827
7842
6547
3916
6074
80
7064
3170
224
7607
8268
9067
5204
9390
5807
9490
3487
2802
9196
1898
6493
9641
5138
2934
559
1800
2141
2612
666
737
9867
4245
867
1978
1850
3018
778
7672
2294
7313
8346
4971
6963
2873
514
339
8636
5907
4214
734
2530
205
7040
1580
1955
2936
9169
9977
1384
1535
6448
5220
7797
2057
6525
4349
5436
5872
2901
1965
3296
9359
7736
6423
3230
4357
687
1041
9999
6916
9350
5960
5455
3812
6209
810
9270
8448
6605
1626
8723
6280
6492
2657
4013
4873
7854
2161
2573
6502
2094
9626
9954
8399
1288
5653
548
3425
6251
8854
6817
4991
8661
761
1428
2471
7886
8828
4032
9538
7968
3620
127
8499
3732
3049
5537
1350
3991
872
621
7053
3758
8258
1197
5802
7257
4929
9347
7628
2114
8610
1455
2899
3076
926
6463
6974
4435
2849
4652
8256
2999
554
7301
118
6368
1576
8617
1221
7900
7632
7284
6552
3333
7054
3947
3039
9474
6205
3878
4317
9616
1750
7991
4752
629
198
9972
5207
1901
1252
1775
7792
7452
3226
1964
7334
2677
9057
9091
8562
4843
2393
9395
9038
755
2925
3554
3712
1086
1175
373
4213
7767
1880
5113
9028
8927
6405
6544
8655
266
585
6815
8910
8199
4775
9460
5781
1253
8924
1690
8070
5387
949
6197
513
8868
4776
2428
8177
9405
3326
3209
1019
9809
8787
3482
1742
6741
8861
1395
8050
3315
3676
611
2535
7708
6253
33
6566
3833
7902
5611
2980
9156
6169
1476
5994
8556
8882
8944
8218
4783
2837
9393
7831
4398
2609
6059
1154
8934
1219
3413
4764
5486
9277
4439
351
9910
3832
801
1077
1143
8756
9289
2421
6614
8402
5023
7993
4360
9572
4561
6044
4856
2734
1389
2003
578
7276
5777
5448
4287
2773
4754
6763
1780
8791
866
4085
1066
5905
2035
546
7551
2175
9272
3390
7953
1528
2380
8529
9835
7943
2543
1521
2363
8236
5073
2522
6479
5404
1639
7010
7689
2266
1538
555
9657
7237
270
2143
7799
870
6199
3765
9171
5600
3011
1471
2904
64
6395
5615
7578
1786
9337
5003
7759
99
2931
2664
5424
4372
7898
1443
9477
7308
6015
22
414
2889
348
2077
2223
565
624
1675
9451
9449
9937
8764
2132
4788
9759
5043
922
365
6874
5114
3271
1450
2883
1118
7709
4124
3668
1541
5199
2950
7827
2004
6111
9947
7381
2941
3679
9742
8623
3584
9496
783
5471
2039
2903
2056
2840
5828
1514
7763
4536
2943
2905
1671
5027
3043
907
2123
4333
7679
2217
6744
444
7939
3764
214
7853
5900
7701
917
5911
876
9749
4511
9944
8463
7533
6562
2681
4602
6296
1162
5609
5562
3888
6135
5340
6839
844
6306
1995
9492
3290
7299
7550
1809
5824
3521
6272
4209
3708
7142
7404
1148
9314
9748
8810
1874
2666
4174
379
700
556
1766
1324
3097
3541
9662
5571
3621
1009
2701
7005
2239
960
2887
6376
5156
4355
6028
5374
6922
3779
6385
5848
5861
4001
638
9967
6212
9144
449
7592
6435
2752
1591
5192
6518
5488
5543
6828
4409
9362
1289
1741
828
3452
42
3153
2304
3642
9484
6581
2640
3102
4338
6098
7772
5658
4581
1128
8933
8144
4924
2579
7155
5800
9457
9636
2708
8793
9400
5927
3734
8609
9462
2884
5531
2835
1092
3188
1204
3470
7100
1413
5766
9499
7713
6093
9155
8024
4887
1353
5062
8365
7861
8206
1590
6276
461
6762
7769
7867
582
2256
3691
44
8734
3385
5304
199
5482
5749
6725
8990
4
1632
2385
6055
6109
3122
8814
9324
508
8603
3919
7243
7737
1282
7131
2886
923
486
6115
8089
142
2293
8359
8040
56
6800
4541
1878
5618
3539
1951
90
1602
6591
8532
4335
8154
2090
8308
2369
7133
8702
7841
2047
2828
5973
8076
4669
3804
3942
3517
1526
8317
1827
7890
8937
4195
6252
1029
9208
2265
4148
1173
6240
9921
3522
3820
8503
6896
1537
3826
3666
4014
9214
8716
5985
2153
8252
6026
61
594
7370
2888
3687
7626
7821
6653
1124
8220
1201
4551
8435
5284
3529
8720
7028
5287
1720
925
3010
6754
5693
4745
6550
5318
4716
9495
981
4068
7669
5061
6398
3629
147
833
1405
2373
6982
8249
8281
1388
9158
5222
4168
5037
5782
2109
7240
2922
9255
181
9761
216
1631
1133
8894
7189
7325
9423
3263
7668
4487
8473
5442
4247
8376
4017
9929
8921
4827
8976
5144
5080
3671
3061
2839
2736
1259
4316
9174
3028
6295
525
5313
3250
2499
3178
5309
1097
9715
3074
3526
4471
7552
2213
316
5362
9614
3768
9249
4379
3112
8062
3466
8729
7117
7755
711
400
4491
7815
541
7650
782
1830
8447
2517
8872
6737
419
7597
5305
7132
4469
5607
9848
7034
9304
878
6959
2673
5390
3101
2906
5507
4433
1739
9152
511
2848
8765
8533
1447
2915
7760
2862
7194
9620
5079
4475
4306
6155
4720
6621
1524
8175
73
1469
1834
6675
9886
1868
2705
7137
8824
6129
1575
4220
8648
5237
3915
2891
597
2505
4845
6912
9023
2803
394
1569
8590
5603
4936
7201
3904
5495
4197
3807
5130
8472
1301
6086
9301
3149
651
8294
5690
8779
5839
8137
3816
9526
7310
7934
5975
7629
6715
248
5492
7959
9881
5746
835
1685
1751
307
5334
5500
3918
121
2996
131
1760
5370
151
1641
4108
9656
5024
3199
7680
8160
6360
8857
5954
9750
9148
4648
4801
5925
3615
4905
2312
2753
1659
4383
6667
849
6475
1183
6509
5377
9606
5383
7135
2565
5976
7481
7818
4519
3496
1483
2493
3414
1459
3699
2263
2722
5977
3260
2382
8932
8428
3650
191
8485
2933
1189
2855
7298
9261
203
3970
1956
826
4782
7178
5530
3717
4337
9930
8587
5196
2774
6822
6948
1882
5082
8276
9764
442
3662
2878
284
3745
7502
1473
4820
5635
5321
3548
144
8385
6097
8326
8086
3975
8215
608
5617
5394
5551
1456
920
2313
2733
7751
4686
4113
5538
3142
3854
6126
6945
179
7361
724
3603
1317
238
7848
2751
7636
8641
2399
436
9807
5694
2812
9712
9855
2196
5417
1129
1390
167
2139
3578
9787
7277
1213
6269
1429
9549
7269
5298
4623
747
357
5926
4600
5577
1918
775
1360
1719
547
856
5732
2418
4756
7474
6065
32
8030
7148
7883
7780
3455
504
9264
6584
8417
6158
7386
8997
2167
1764
6380
7509
457
1006
3951
477
9706
1706
3944
3184
6864
7434
2146
1468
9109
790
2395
1759
7076
7910
6264
6011
9036
3175
6033
6859
9503
6827
809
5431
7851
1403
6110
4503
8884
2568
2516
4115
635
3568
1944
8221
8502
7097
2738
7634
5159
257
8032
1716
4058
1159
716
7046
5168
5760
2596
65
9300
1056
5053
395
9275
9343
5254
2180
9011
3503
3664
2550
8626
7671
5791
1343
1313
4184
9659
880
8022
8749
1381
7419
4410
6459
9802
3790
9293
2025
1058
7241
1121
6759
1801
1649
3083
4048
3383
3228
7613
8781
3649
5163
9370
4314
5601
1708
110
2536
9209
6460
8742
7545
18
2608
1790
8051
6034
9070
8546
688
4749
1960
5086
4016
9050
9574
1444
5013
9551
4177
8647
2453
4842
8391
6084
8684
8190
1202
9236
9902
830
1093
710
7202
57
1168
4353
3273
9483
9342
896
4627
7291
242
6415
2215
5894
2634
7151
7420
8045
4152
6993
5087
2766
3379
1703
648
2198
3635
7085
5873
759
1007
5060
8433
6990
5214
5823
3600
6522
3848
7682
811
493
5368
7060
4181
804
3533
2665
5575
6132
496
347
3044
7666
1146
474
8246
4238
9328
2731
3579
7410
6497
8037
2585
1239
6771
605
640
3926
8950
2592
4274
5108
6901
7480
5036
5360
5244
4915
5279
2135
7055
3953
7804
9994
6806
9260
7457
7327
9381
5280
4797
9310
8127
2716
3203
5463
9352
3586
136
5181
788
9608
3819
1815
6428
4228
2353
3057
9112
1262
2811
8464
1367
2717
3514
8379
8116
9593
1912
7813
2299
2628
9247
4081
4517
822
4831
2149
5464
5136
9151
77
7401
7185
9828
9333
9373
2857
6006
9458
5670
231
1665
5955
6185
4506
5967
254
1903
843
3427
2784
6073
6718
409
332
4133
6638
7023
8427
2061
5771
8528
8829
1637
2567
3270
5157
7762
4957
7104
4499
5147
5429
4824
9465
6359
5916
7153
2907
6781
8148
7211
2714
3910
8619
625
1460
2444
8758
5940
2152
6745
6349
1096
9600
774
4007
5045
114
8637
5565
2147
273
4578
7021
4852
8067
3678
9056
6890
5902
7834
4483
2807
4768
8522
6245
8085
6814
3490
6235
3643
175
2261
6237
3685
5637
7717
7070
9849
9035
6602
1710
6167
4735
3187
4502
8687
9135
8597
117
8480
613
6062
8564
3430
3300
7475
7720
6628
5909
7264
2589
4035
3032
6760
553
1434
6171
8088
5544
2952
1549
2600
8575
4985
1319
8124
9181
5375
1184
9501
7683
6915
4658
108
4825
2851
2853
1651
1422
3552
9880
1949
9595
7476
1362
3135
2474
2194
2482
6625
206
7579
6225
1698
8543
59
9942
4706
6778
4462
3
139
1714
2715
5659
1567
5818
7268
7058
5666
1049
2782
7835
6891
9646
4784
6755
4071
5177
5160
9829
1861
4871
904
3834
8344
380
3849
4928
8595
7346
6802
785
1268
9079
5116
4563
3045
6511
5585
30
4049
5804
6757
2250
670
1776
736
5267
9826
5322
8703
3735
2297
8271
7915
3158
5141
4748
2503
8752
9732
3134
3611
7753
3095
2410
8421
7446
4857
7914
8451
1584
1746
3438
4792
6821
7271
3214
7664
2758
3822
6553
3979
3609
6386
7897
3275
1870
5026
1045
7441
1518
1416
4586
2378
4474
3108
8185
6452
7988
5415
6107
9192
6661
2164
772
1805
2574
7470
3545
2364
5228
8200
6600
5202
8498
3896
8486
1799
5326
5104
345
8121
3472
4005
2865
2651
3190
173
2429
6861
2942
8091
1615
49
3022
7561
6650
9087
9642
937
4211
1887
4492
4248
261
6593
4242
2985
9331
1039
6009
3439
1236
9351
7059
7768
7770
8919
1638
8775
4822
3961
389
2926
7074
6612
1603
2288
291
4390
5385
5010
1859
928
7678
1014
3659
7415
4930
3478
7535
2930
1917
4601
209
5997
9869
8838
6706
232
4589
979
7372
4260
2317
1320
4921
4903
6243
251
6396
7270
9974
9106
5193
779
1846
3997
5950
664
3610
7694
5827
1419
4135
8457
8442
7887
2729
882
6358
2174
7809
4649
9992
8968
875
4055
767
3179
3741
5683
5198
7757
4393
9591
9170
5271
1136
5700
6713
2956
9096
4569
8477
8873
1926
6623
2000
2616
9673
8016
4641
7581
1932
8056
8180
5323
9283
4795
1170
5567
6399
9339
3495
4466
5402
2638
283
8999
7193
1967
6222
6609
3065
5299
7810
3070
4231
7697
8667
9865
8605
963
3301
5210
2089
5765
3213
2396
3766
9297
6934
3329
9507
2324
3080
8334
1813
6328
7332
5903
8825
2819
6351
885
8232
7977
7356
3173
4617
4366
60
5608
1284
8795
8558
5169
6791
4362
5634
3272
6635
2458
1451
3358
404
8065
3769
2247
3698
2022
3725
4590
8112
8387
4279
4989
4547
3129
113
4542
1966
8580
5240
536
1120
4620
7171
3557
2699
8181
5817
929
8436
4891
9001
4520
7541
7261
6362
1560
1414
1150
1753
4343
8719
5506
3027
6724
6697
7621
5582
230
4280
358
2032
8407
2207
9685
290
3619
7093
9330
11
7430
9103
7849
1325
9945
4732
2168
3794
6446
3206
2575
2072
5534
2757
1023
4591
8866
5015
8515
3166
2749
3729
4889
1466
9622
3004
8429
7014
6270
9576
1111
6201
7882
5473
2944
3336
3308
9914
413
9080
3900
2202
6049
7355
5712
6275
1248
6705
3193
3034
5542
1043
9776
1683
8285
6488
3280
1568
2368
1231
489
5547
2870
9017
6324
320
8925
4286
7548
1474
6382
6501
1743
7084
6481
1400
165
823
403
1730
6758
5358
2127
7011
4877
5629
5540
1020
1385
6808
9524
535
6174
3183
9956
6407
6767
4958
6018
2662
3872
1735
3089
2460
2587
1018
5391
1283
3067
3846
9294
4329
5697
9039
1633
137
8263
3256
4358
4175
9906
362
4210
6469
4695
7712
2350
9295
9444
2075
7044
6083
1911
8454
3059
6250
7180
119
7149
3761
7806
7376
3241
9979
4179
4974
7574
1116
6010
6309
6051
5296
6154
1380
3298
3348
8489
4766
4380
4084
2111
7445
8361
4913
482
4481
6560
1625
4916
138
5935
8858
1686
6764
9296
9789
3486
5315
344
8491
2162
6050
8349
2686
1530
5091
8897
7596
3221
4453
51
6972
2430
3852
6127
6710
7639
1555
4145
9194
6027
6478
2101
2335
6271
6366
1803
2092
7200
6592
4610
9015
757
9054
7125
9824
5736
2465
4461
2122
8353
2796
4674
46
7527
5980
8638
4397
2137
8362
317
924
48
5728
3305
9853
5179
1607
9722
2706
6281
3257
9820
1515
1676
2283
8991
1392
4802
7213
7354
5139
5933
7895
7631
5946
8809
9008
5357
40
5344
2079
8023
5388
9925
9358
6381
164
2544
3387
727
8696
2232
4513
3389
2537
8633
8461
9960
4225
9953
4000
8316
6498
8312
303
5851
3378
4779
321
2781
4738
9545
1894
9781
5338
381
7039
2480
8481
7466
5684
1091
7675
5432
5974
2962
4639
7881
9755
4458
6203
6257
8771
9456
9019
8913
6834
3810
7955
5691
5797
2696
6186
5874
8034
5467
6106
1660
5419
7956
3366
6024
4729
754
8314
6045
376
4622
4130
3244
3887
439
9498
6258
6858
4050
5273
6676
5998
6175
8530
9884
5906
8560
532
5229
2219
5599
6548
9893
9336
9175
8138
8408
6254
1464
5363
1562
2287
3624
4680
3869
4819
252
3291
2967
9365
9792
4183
800
6690
3265
9976
8099
3800
7167
2593
1386
9205
3705
8915
9360
5724
676
2296
456
6583
6819
7524
6189
3634
1382
6505
7785
2965
9285
6069
9830
509
2712
1445
770
668
7303
7661
8588
7544
9242
3186
8238
6925
4062
94
4400
7562
4770
8375
7433
8534
1814
818
5031
9269
4550
7920
6182
9556
3972
947
2643
7081
4087
4597
4994
7746
5038
1454
6534
3860
8432
5247
1866
9372
6606
422
4515
7380
3995
1425
2210
4830
8038
7558
5074
2166
6118
4739
8315
4276
3912
9244
7583
2433
8898
3821
9704
5444
5194
5100
8629
8737
4029
8694
4161
3870
1073
7348
9190
8986
7063
135
3322
310
390
3464
5137
4703
6508
3908
6450
8063
8885
8577
9941
2971
1383
5898
7963
5253
9587
3623
6413
3575
8985
2277
7319
9803
2475
3702
4490
1095
658
2242
733
8042
7157
3066
9340
7653
3396
7222
6956
2046
3612
9619
1216
8153
5590
3512
4846
9213
8544
3990
4156
6613
8397
3796
4434
3830
2013
6958
5527
2104
5742
3720
1365
2746
7971
3423
7221
8903
8173
6604
3737
3681
8935
859
1837
8021
3850
3410
6797
6765
3740
8409
7285
5162
7300
7906
1768
7998
3774
2278
8945
4109
2660
5166
9282
893
6995
9215
8922
2124
9856
992
1661
7894
1356
741
6852
5723
5951
369
8422
6425
9774
1507
9566
3744
3223
1991
9030
3814
6825
5687
2307
8816
3091
2692
1998
8876
7921
2333
8953
8584
5071
6905
4093
9777
3133
6914
4880
8340
6796
8889
4402
9769
4855
4512
6445
5706
3903
7692
6570
8880
8668
6285
1749
4947
7123
2106
6588
9206
79
3084
8627
9197
4525
8886
4361
8909
8762
6870
9298
3177
5255
6194
3251
840
4163
3042
9478
8440
1596
8718
1394
2528
6019
5250
9544
2739
2065
5478
4297
3636
8048
7617
4269
5175
7184
2404
1079
7136
2391
2026
4008
3443
3911
6579
9276
7843
2620
430
4216
5535
8234
5865
9552
333
2158
3954
9961
1329
5248
2129
4621
371
2726
6352
6649
5636
3813
7090
6564
1052
4226
8333
6572
9414
5172
8352
8554
4840
1280
222
9307
6139
9623
7089
7403
4486
6813
7218
9665
6707
8644
9801
2370
1833
81
8630
8788
5995
2209
8920
7192
6238
3279
7803
9696
8001
4538
2406
2975
4488
1334
6576
4028
5249
8926
6736
7062
8870
7472
8741
8100
1539
2578
4454
2553
4938
2824
2133
7540
6543
1921
346
2655
6128
3310
7916
9871
4787
8853
4006
5438
5078
8961
1085
9592
3646
3169
5772
1122
2742
7641
3155
184
1067
7079
476
1265
839
8348
10
8250
1132
4691
6390
9408
2713
9311
601
7775
1542
5325
9256
4193
829
8075
4233
3749
2289
5739
5730
633
4849
4396
889
3255
1738
5004
5589
4711
70
1844
2222
3041
523
5226
9735
9132
5186
343
4531
7233
1206
2252
4219
6642
2068
2521
5453
4422
6211
4321
8808
2935
9268
2539
2955
4615
7172
8755
3119
52
1989
7513
6432
2192
3644
7379
1179
3957
5046
8114
8172
6794
9018
9920
1821
5612
1448
4524
5875
3630
6322
9674
9866
1824
3516
568
9254
7297
9926
665
6641
3029
8971
1492
5451
5917
4261
6124
5312
5437
7444
2066
5836
8028
8746
2618
2639
6353
8979
4217
671
9773
5283
9062
2357
6900
9571
7246
6869
2170
9575
1470
4308
7911
4789
8754
3546
2948
3025
4567
672
341
8841
8347
2273
4848
3978
3054
7773
3697
5434
7990
854
4881
9412
1069
520
8600
1071
5698
1303
958
3009
8955
6085
8291
4259
163
8380
8849
5835
7144
5633
1467
5744
4015
6483
1959
5820
4704
5862
571
3604
5035
1130
6654
6689
4943
4678
6330
8773
9384
9797
9610
965
82
5563
6117
6400
2957
8265
6756
4034
7501
2176
4532
8147
3843
6742
8892
7197
4699
5794
3287
6545
7216
6751
7212
6433
1232
7252
9063
1513
4240
1332
7690
8078
4606
4267
5405
7183
9875
6880
7176
3905
1765
1072
6786
6041
7162
5452
698
7280
3844
3040
7761
5763
1945
1409
9176
6722
329
7572
360
6960
21
5111
148
2276
9391
1188
9957
2825
4548
706
8811
2768
5341
359
7025
4293
4114
7035
8214
1171
4833
8184
450
34
9093
5710
5457
9819
7032
3540
6419
3007
7369
6113
6365
2118
6686
3828
1623
3417
1643
5040
2347
7730
4634
2630
4675
1417
1224
9691
8963
715
9743
2464
6918
9366
8778
1397
3435
1889
1126
631
2721
6378
87
2992
9180
1879
2226
7808
9178
1437
9107
6615
1243
8949
4310
1323
6477
4340
1203
2467
4054
970
4470
9546
3312
3239
2258
3770
1463
3156
6872
4415
8106
620
1424
6363
6424
5525
8125
3016
2979
8524
1057
7967
3321
1127
2548
4395
7107
6717
9102
9250
8969
5719
5570
7412
6577
6434
8079
6770
8674
8210
5673
5984
3549
3669
9153
5095
5005
4587
2006
8275
7706
5825
1181
8717
1747
2624
1873
5032
1672
7295
602
3656
8071
8389
6076
9607
5921
6647
6992
2449
8205
9085
6666
9203
4692
1207
7292
841
8328
4826
9437
4554
7749
126
6608
4604
8424
8297
7888
9833
5011
285
8555
5380
6447
4103
9903
9442
3875
8300
512
1885
9502
1755
8959
2476
5832
8087
6947
6804
2462
2871
7532
8393
6442
3159
4785
5048
6952
5788
1028
5484
276
3907
8918
4154
8460
9597
3360
5365
4778
892
1907
8568
1778
7496
3898
2157
4950
9150
1040
6691
2494
7482
5886
8946
3371
9997
6876
5999
4944
4659
7908
313
2847
982
3989
3227
1769
1553
1275
5441
4403
25
4095
9273
1784
1619
6951
6996
1065
9121
9069
9479
7440
1586
9811
6207
1241
1729
3357
8753
7427
2977
4441
677
4020
4661
9200
8201
3419
7101
190
7850
9816
8740
4664
6954
3428
7619
2972
8383
5310
3982
1250
4613
3818
1260
5477
8176
6739
6640
5553
4046
5619
5412
2761
9147
466
8847
8128
8445
7504
9516
8495
8989
9543
4963
7483
9629
9530
4244
4086
3185
5516
7109
8103
3731
6616
185
8682
4689
2386
1610
9539
8274
9154
1160
2301
9441
9235
4875
9355
5532
9770
1617
9315
1149
9445
533
8709
3655
500
5331
1614
8450
5831
4635
4186
8059
6140
3836
3008
3742
7616
1234
6420
4320
8596
7981
3388
1327
8000
683
8981
1235
9523
8456
115
2413
7250
2670
8900
5324
4501
544
8799
2815
8611
9537
2290
766
2269
3222
3104
386
7588
3232
5075
8978
1244
9989
1364
4902
1612
2627
8104
5346
6153
4208
7865
5652
955
6555
2572
9569
534
277
7314
2011
6988
5059
8449
8730
1517
1788
894
6495
6151
659
3607
8289
2709
8198
5206
4356
8818
9985
2097
5932
6516
1864
7796
751
842
3917
939
2555
3505
3400
8840
9225
3162
3060
2823
4603
7118
8760
9594
3459
215
3780
5964
3988
3593
4961
943
9051
1774
9448
9655
8370
8470
4705
5142
38
3958
7728
2880
1973
9299
4221
7787
2831
4941
5885
7036
4138
4399
2067
5154
4408
2371
4626
9752
4467
7847
7699
8095
9081
6701
5938
8693
4629
3608
6738
5783
5948
9911
1673
2183
490
4906
8093
6927
1291
9326
1112
7913
7234
9603
9
9678
8434
9504
9160
731
4798
9353
1152
2744
5893
6855
886
9734
6429
5556
3581
8094
9047
2697
3330
6807
2112
3026
2605
7567
7160
6002
6397
274
2260
6249
6933
6331
9535
812
393
8462
6539
8152
1198
6335
330
4793
6845
3309
6977
1876
6682
2245
7570
3307
587
3837
7833
2286
4129
5306
7382
5734
7092
6487
7461
1274
8278
5401
1237
3229
4577
8182
6784
5132
3198
7714
161
7994
9683
1922
6047
9676
805
2107
4839
2702
966
5258
5110
1307
5631
1893
6932
1044
9598
2305
5252
1249
6035
6766
3201
2108
501
9707
9146
9232
8197
8241
9987
472
174
1427
1948
4509
2116
1228
6416
6438
9059
4585
6095
9859
9919
1573
7283
2798
5762
4708
8863
8833
1726
6692
3551
4158
8607
3835
1165
1666
8826
583
3576
5787
6461
2954
9434
988
1820
6333
5057
7754
435
9599
4278
2360
2340
8167
7459
7492
8213
3510
2447
1645
8726
5529
4647
8574
5991
8735
2747
4951
8164
7928
900
4498
9233
7660
2414
1642
5887
3588
3509
4614
4747
6789
1267
7740
599
9375
5029
4452
7863
7892
447
762
2502
8009
3877
3775
4719
6490
6568
308
3628
5330
1358
8041
5767
5641
738
5200
9248
2103
519
7113
4876
1558
959
971
3294
9840
2682
5743
845
5256
1075
3927
8654
1952
1798
8337
1696
1151
8131
1506
9986
7499
4440
3243
6848
3622
7453
1987
1411
7858
3866
7066
3368
798
6582
5988
8748
7531
9141
4619
495
1578
7186
5669
7512
4053
1899
9387
9988
1346
4633
6563
4301
2309
4709
4803
1527
2775
7110
1670
5257
4818
6221
5069
397
235
4982
6369
1103
3242
6058
4645
6297
3444
3973
7091
4918
8589
1849
438
293
7443
8465
7116
1481
5727
2607
6517
8792
5489
9518
4670
9806
7188
5720
9950
2790
4131
952
4455
8475
475
5293
2953
5030
2321
6636
3051
4718
6799
2512
2970
6393
228
1190
8700
4142
6721
5106
1486
6503
4164
201
260
9996
3894
4011
6064
7393
1652
8724
2228
1715
6598
1263
5303
9345
217
983
9383
6315
5799
5594
4185
4893
5548
5812
8585
8567
4178
2165
5052
5042
6294
1209
1937
7143
3411
765
5153
9854
8325
3941
7947
9897
2577
3082
5049
8248
8508
642
9463
5705
7378
107
3422
5644
8381
6312
4560
8951
3569
8583
7253
5923
9927
8301
3471
9485
3795
1594
1923
5877
3977
20
4312
9357
8444
7323
4668
7114
387
112
7287
1601
2275
962
9506
7304
7115
9332
6846
9823
8987
3324
7196
9934
2436
1446
5656
426
8827
5070
7933
9604
5001
1962
3891
2780
3412
9207
7756
5623
6521
448
9879
7573
1931
5638
7174
5188
6957
8612
1828
1862
8129
9946
7128
1200
7208
8512
5000
9727
6779
2193
3614
6031
6070
6077
6160
5671
6526
7824
2087
1797
8835
4036
9040
2754
3235
1924
879
1475
1004
7099
564
6703
8878
3458
8650
9531
739
9710
5845
421
1376
2030
9251
9455
9218
5327
8550
8102
2367
9140
8736
9325
773
680
3124
244
8675
8279
3718
6388
7599
8662
4207
663
7006
3791
3859
5722
2920
7296
8974
6329
5803
4272
5243
5233
15
8766
1752
6079
7087
4763
324
784
8599
6749
7126
3431
172
1551
2652
7529
1598
9766
3069
8539
4562
3667
8578
4859
2590
2623
1431
5971
551
8751
2897
3415
3567
5016
2435
5677
8064
9512
2016
6068
7710
6180
2767
3566
6367
6687
2178
3706
6032
5841
6248
2201
5813
9446
2546
2392
3240
4266
1728
9201
4097
9692
8757
1647
1520
3017
9717
6133
5715
3829
2498
4681
1616
2523
1855
9968
3351
9349
7102
6619
2064
2703
7223
3463
2515
8320
1472
5504
590
5348
2595
797
8956
2576
9958
9338
940
9892
4456
4018
4984
5128
8269
6355
2172
7517
989
2377
9199
8859
5260
8931
7802
7367
1772
3809
3181
1691
6244
9922
2963
1884
5867
7007
3613
8635
4899
6788
6877
7343
8570
382
2412
2427
4167
9542
2876
2719
4192
6480
3319
6057
9605
7520
2358
5517
9266
1193
3297
2991
5268
9240
2014
6515
3123
1145
3550
9708
1621
9729
7989
7272
4741
9713
9995
4241
4755
5768
5814
1762
7536
8260
2007
4019
5784
4155
8331
6292
8324
987
2274
9515
2365
8643
8219
7805
7138
3746
6961
9951
7899
9083
9048
8110
8229
2443
7462
8801
7328
4478
434
7960
1277
7640
787
1845
2446
4235
2927
7743
2173
2477
6283
6953
3085
1582
9191
7557
521
2229
388
998
4564
4339
5483
5392
7254
9468
1278
5648
9671
4075
3394
2084
2445
1702
6089
5123
7954
1404
4024
8586
3757
4063
7366
8725
4285
7644
1333
4342
8245
5481
9049
6637
2613
650
6138
3980
5125
2724
8601
5605
1721
296
5332
5685
354
853
2267
7399
6298
5655
7735
1758
1664
4450
2080
1458
7922
4099
5185
9469
4199
7912
2093
5300
4997
8478
8166
9612
5225
4654
6702
3817
5942
717
6728
3884
3759
4888
5554
7957
2479
5949
5934
2381
836
5889
1215
4694
1679
9450
7364
4304
6
9027
6594
9969
6247
9306
7538
3180
573
563
7065
8304
5170
3616
3506
9231
6659
4307
5480
2554
861
9686
8415
538
8318
4151
786
3897
2730
2964
3648
7778
3216
2008
1904
7635
1832
481
7012
838
916
5868
9467
9216
5239
4460
4256
1310
3136
2468
8286
8930
9965
2929
5965
4324
8664
4378
9780
8156
9439
4576
6777
4521
2179
405
4027
1697
6202
5223
1540
5929
3658
1163
5063
8871
3327
7187
8992
2844
1564
4917
5899
2349
2017
1370
3195
1593
4742
378
6374
4927
1238
5151
4351
2635
5241
8247
1430
1890
780
552
1036
7418
5709
5956
8832
4870
7008
9525
7383
2683
8659
9111
1992
819
2800
8535
2243
7766
5901
3689
6120
1292
5588
1563
8733
6021
9459
3838
1002
6274
3087
433
8768
340
1341
473
3282
4330
9065
3537
3782
323
8430
6394
498
7948
9094
3805
3451
7976
9397
9834
8033
7786
9354
4920
7667
1928
2868
8211
4522
5002
2867
5167
9863
9488
8680
6679
1597
1349
338
9133
4643
7002
6627
7217
5276
7777
3714
4575
1501
684
6220
7903
3531
331
938
847
8901
3000
5604
4559
9882
3881
1977
5470
7999
901
4715
3053
6634
9596
2302
8171
3555
7657
6411
2845
1636
3801
9227
6809
7722
9631
1606
3577
7937
9810
2727
1090
3631
6897
9666
352
5939
5272
3395
4642
8077
9020
4283
524
2048
5546
7514
579
8014
7872
8592
7726
192
8012
7345
9204
6835
6168
2675
8666
2598
8243
4714
7938
2362
669
3311
6847
6803
23
881
1680
3434
3126
3595
5265
2036
3281
3943
75
8686
4423
980
9210
4173
3409
964
8678
9344
4860
2470
5289
1968
156
7836
8689
5135
1296
7477
4529
4082
603
5559
9271
9052
6458
2534
3688
8812
9219
1318
7612
8507
5573
503
5729
1169
2786
5354
2564
8660
8983
4224
3143
5319
2506
6862
8025
9898
7094
8437
8954
2981
3130
4067
3863
7124
1545
2483
977
5182
4295
997
1131
5753
8207
9917
5245
279
2990
5427
1054
5343
4149
1823
3118
6404
1725
5793
5421
9487
5064
9740
8008
6894
5622
6323
5291
7338
7152
2921
2227
7030
5447
6873
1644
3748
3139
9084
6004
1305
6288
6005
1199
927
4479
8663
1682
4369
3760
2654
3107
2945
4679
5140
1853
4762
5549
1782
8523
4311
7733
2987
9253
5205
722
2777
8467
865
7278
5472
591
4964
37
5292
3323
7315
1943
6354
5587
2852
3692
1218
4493
9709
366
9071
607
7622
660
834
9252
8665
9377
9850
183
6052
855
4979
5711
1773
8357
6302
6090
4123
7164
9536
1312
7387
3871
3316
8545
744
1996
3617
7869
9425
5347
2836
2142
8582
5290
4412
1340
2212
5208
7598
6669
9661
2144
8962
9123
7638
699
5213
7870
9134
5993
6228
3077
2810
1640
4277
7425
6087
9862
8151
9428
8168
2571
7416
2937
6464
4572
1155
2801
5008
6046
3021
7542
3338
7421
9952
7585
2042
807
2156
7764
4746
2028
1337
8
2231
5021
8420
7045
5224
7068
5904
5747
4072
29
5180
451
7729
3674
6273
5155
7677
5189
9061
550
1308
1336
105
7823
3354
4539
8688
5943
5642
9305
6729
1272
1620
8606
8288
2581
6985
995
2898
9064
915
1897
2043
1572
16
5356
1986
5855
8881
1863
9500
1546
4350
5801
7716
1822
9800
2204
6542
8092
1371
7436
3562
8497
5459
5496
5479
9335
6773
7052
6805
2490
6466
6708
6967
8244
3690
4120
7566
2203
2813
2115
911
1737
9936
4495
1110
8783
6884
3823
8293
4445
725
9327
3247
6096
7747
1629
678
8769
2355
124
3454
4579
5397
2821
5679
7602
9082
2341
7105
7027
1916
3492
7964
1172
5349
5512
9009
3987
8351
2984
6150
6694
1925
234
8942
3605
9645
6260
2488
5266
8899
9172
7307
9679
1432
5555
3261
8193
1503
1088
2074
1326
3672
4107
7219
2960
3194
460
9193
4510
1347
2253
8844
4246
133
1338
2527
3797
7608
8631
5758
3892
5158
9978
1543
6412
1488
9900
2879
8227
5508
3808
2842
3189
3709
7539
976
4116
55
1533
505
1348
8487
4821
6239
3543
2325
6099
9505
5876
2375
3473
342
375
6007
3094
7374
4534
432
6875
8338
1985
740
1293
1138
8438
5675
3370
3969
5584
6837
9837
401
9104
1491
4473
4998
4305
480
5624
1410
1634
3665
4667
6224
9137
4243
3564
6964
3278
7925
6163
4089
2793
5924
3234
5236
7696
4932
6567
3231
3337
9775
3639
1565
6732
3364
4201
1012
8604
6573
8150
1489
8194
4344
9378
6801
8572
7782
5718
7497
5990
9099
9117
5339
5371
5422
7175
6793
8068
5101
9187
7394
1756
5499
4897
3730
5524
8714
3853
5878
2582
6338
1592
2469
3335
8398
3715
1387
5143
2765
7450
7384
6748
3964
3369
6371
3739
5282
7049
3901
125
1351
89
281
3931
4432
4571
2671
9943
7565
1811
368
5550
3501
5518
1089
1781
515
7260
622
2450
4594
2318
8120
8140
4816
7033
7877
5041
4660
6332
5661
7390
1909
5034
1655
2379
6926
6811
1498
4901
814
1322
7569
3592
4556
978
9120
1736
2409
6277
729
5351
2691
275
1600
5201
5426
5051
5847
8488
2185
6743
2788
6181
8392
7432
7411
5660
9648
9433
7177
1304
1270
1005
6157
4809
6693
825
2188
4377
4931
9583
1285
6678
2354
4288
9511
5209
3883
4791
6520
5983
7431
6772
6935
4866
9635
3752
3560
1361
7242
6176
707
1119
1398
750
7487
6866
3694
7263
36
4160
7166
2437
6850
4566
7949
8948
6574
9932
5088
8277
9654
2507
5
9638
4728
406
3092
2580
906
9068
7009
5187
7681
985
4202
7455
1368
8169
3762
2281
5378
1273
2387
4939
9195
2772
708
8843
644