809
2
3
751
5
6
575
8
9
660
11
12
932
14
15
774
17
18
546
20
21
880
23
24
925
26
27
711
29
30
942
32
33
667
35
36
994
38
39
544
41
42
989
44
45
505
47
48
829
50
51
731
53
54
842
56
57
614
59
60
805
62
63
671
65
66
28
68
69
659
71
72
562
74
75
935
77
78
601
80
81
780
83
84
818
86
87
837
89
90
599
92
93
828
95
96
514
98
99
769
101
102
812
104
105
635
107
108
981
110
111
651
113
114
581
116
117
823
119
120
969
122
123
674
125
126
895
128
129
838
131
132
987
134
135
747
137
138
730
140
141
593
143
144
696
146
147
859
149
150
503
152
153
655
155
156
710
158
159
946
161
162
670
164
165
992
167
168
626
170
171
698
173
174
532
176
177
905
179
180
724
182
183
668
185
186
551
188
189
526
191
192
803
194
195
855
197
198
979
200
201
910
203
204
139
206
207
76
209
210
800
212
213
983
215
216
637
218
219
515
221
222
867
224
225
816
227
228
565
230
231
538
233
234
927
236
237
64
239
240
617
242
243
596
245
246
631
248
249
151
251
252
519
254
255
697
257
258
607
260
261
906
263
264
953
266
267
211
269
270
690
272
273
625
275
276
507
278
279
884
281
282
754
284
285
568
287
288
718
290
291
839
293
294
940
296
297
646
299
300
250
302
303
899
305
306
873
308
309
830
311
312
639
314
315
860
317
318
679
320
321
304
323
324
796
326
327
262
329
330
611
332
333
733
335
336
136
338
339
677
341
342
217
344
345
268
347
348
644
350
351
901
353
354
970
356
357
914
359
360
762
362
363
559
365
366
244
368
369
510
371
372
897
374
375
355
377
378
615
380
381
175
383
384
508
386
387
964
389
390
944
392
393
223
395
396
584
398
399
854
401
402
100
404
405
118
407
408
256
410
411
714
413
414
673
416
417
903
419
420
592
422
423
833
425
426
740
428
429
364
431
432
618
434
435
792
437
438
642
440
441
681
443
444
88
446
447
385
449
450
974
452
453
600
455
456
597
458
459
821
461
462
956
464
465
725
467
468
791
470
471
361
473
474
907
476
477
628
479
480
274
482
483
448
485
486
815
488
489
772
491
492
427
494
495
367
497
498
722
500
501
502
301
504
46
506
277
484
509
370
511
512
513
97
220
516
517
518
253
520
521
522
523
524
525
190
527
528
529
530
531
382
533
534
535
536
537
232
539
540
541
542
543
40
545
19
547
548
549
550
187
552
553
554
555
556
557
558
430
560
561
73
563
564
229
566
567
286
569
570
571
572
573
574
7
576
577
578
579
580
115
582
583
397
585
586
587
588
589
590
591
421
142
594
595
496
457
598
91
454
79
602
603
604
605
606
259
608
609
610
331
612
613
58
379
616
241
433
619
620
621
622
623
624
481
169
627
478
629
630
247
632
633
634
106
636
343
638
313
640
641
439
643
349
645
298
647
648
649
650
112
652
653
654
154
656
657
658
70
10
661
662
663
664
665
666
34
184
669
163
238
672
415
124
675
676
340
678
319
680
442
682
683
684
685
686
687
688
689
271
691
692
693
694
695
145
409
172
699
700
701
702
703
704
705
706
707
708
709
157
67
712
713
412
715
716
717
289
719
720
721
499
723
181
466
726
727
728
729
205
52
732
334
734
735
736
737
738
739
493
741
742
743
744
745
746
337
748
749
750
4
752
753
283
755
756
757
758
759
760
761
472
763
764
765
766
767
768
403
770
771
490
773
16
775
776
777
778
779
82
781
782
783
784
785
786
787
788
789
790
469
436
793
794
795
325
797
798
799
346
801
802
193
804
61
806
807
808
1
810
811
103
813
814
487
226
817
85
819
820
460
822
406
824
825
826
827
94
49
310
831
832
424
834
835
836
445
130
292
840
841
55
843
844
845
846
847
848
849
850
851
852
853
400
196
856
857
858
148
316
861
862
863
864
865
866
394
868
869
870
871
872
307
874
875
876
877
878
879
22
881
882
883
280
885
886
887
888
889
890
891
892
893
894
127
896
373
898
322
900
352
902
418
904
178
328
475
908
909
202
911
912
913
358
915
916
917
918
919
920
921
922
923
924
25
926
235
928
929
930
931
13
933
934
208
936
937
938
939
295
941
31
943
391
945
160
947
948
949
950
951
952
265
954
955
463
957
958
959
960
961
962
963
388
965
966
967
968
121
376
971
972
973
451
975
976
977
978
199
980
109
982
214
984
985
986
133
988
43
990
991
166
993
37
995
996
997
998
999
1000